10	0	84	1	8324	8408	3
10	0	229	85	7351	7495	5
18	0	197	1	3500	3699	9
18	0	242	198	2881	2925	1
19	0	177	1	4499	4681	15
19	0	220	178	3923	3966	4
20	0	1	43	8570	8612	0
20	0	44	118	8915	8989	0
25	0	213	1	9794	10006	6
25	0	252	214	8847	8885	0
31	0	76	1	9187	9263	5
31	0	261	77	8541	8726	8
32	0	212	1	9794	10006	6
32	0	251	213	8847	8885	0
39	0	1	60	6185	6244	2
39	0	61	200	6917	7055	2
50	0	27	1	2067	2093	1
50	0	280	28	1273	1523	19
56	0	198	1	3500	3699	8
56	0	244	199	2880	2925	1
57	0	53	1	8915	8967	1
57	0	124	54	8541	8612	5
71	0	198	1	3500	3699	8
71	0	244	199	2880	2925	1
75	0	52	1	8915	8967	2
75	0	123	53	8541	8612	4
76	0	181	1	4499	4682	9
76	0	224	182	3923	3966	4
83	0	1	155	8570	8726	5
83	0	156	263	9187	9293	7
86	0	106	1	9157	9264	5
86	0	233	107	8541	8667	3
91	0	84	1	8324	8408	3
91	0	229	85	7351	7495	5
98	0	135	1	6560	6695	7
98	0	201	136	5888	5953	4
99	0	99	1	8869	8967	3
99	0	284	100	8541	8726	6
115	0	213	1	9794	10006	5
115	0	252	214	8847	8885	0
130	0	117	1	6917	7033	1
130	0	197	118	6165	6244	2
131	0	213	1	9794	10006	7
131	0	252	214	8847	8885	0
132	0	77	1	9187	9264	4
132	0	263	78	8541	8726	6
137	0	53	1	6162	6214	2
137	0	195	54	5866	6008	5
139	0	1	105	5888	5995	6
139	0	106	203	6149	6247	5
142	0	104	1	1990	2093	3
142	0	348	105	1273	1515	17
148	0	1	123	4551	4677	8
148	0	124	180	5484	5541	2
159	0	175	1	4499	4681	13
159	0	218	176	3923	3966	4
160	0	186	1	1266	1451	10
160	0	346	187	275	435	8
191	0	129	39	5390	5481	6
191	0	443	130	4607	4923	9
196	0	183	1	4499	4682	11
196	0	226	184	3923	3966	4
205	0	1	127	4551	4677	6
205	0	128	184	5484	5541	3
209	0	1	129	4935	5063	6
209	0	130	462	7012	7345	8
211	0	182	1	4499	4682	9
211	0	225	183	3923	3966	4
218	0	1	143	3953	4096	7
218	0	144	231	4618	4703	4
235	0	176	1	6039	6214	5
235	0	221	177	5375	5418	1
240	0	93	1	5851	5944	4
240	0	143	94	5375	5424	0
243	0	108	1	4894	5002	3
243	0	354	109	4105	4350	8
246	0	232	1	1220	1451	12
246	0	395	233	298	461	5
249	0	336	1	4666	5002	8
249	0	406	337	4325	4395	7
258	0	1	110	6909	7018	3
258	0	111	306	7722	7917	2
271	0	1	61	6185	6245	2
271	0	62	352	6430	6720	9
272	0	1	138	298	435	4
272	0	139	348	1266	1475	10
280	0	76	1	9187	9264	5
280	0	233	77	8570	8726	2
286	0	195	1	7722	7917	4
286	0	327	196	6889	7018	3
293	0	98	1	9165	9264	5
293	0	182	99	8570	8654	1
300	0	168	1	669	837	7
300	0	353	169	275	460	5
315	0	209	1	9798	10006	6
315	0	252	210	8847	8889	0
318	0	1	138	298	435	4
318	0	139	324	1266	1451	11
321	0	108	1	4894	5002	4
321	0	349	109	4110	4350	10
325	0	296	1	4706	5002	5
325	0	422	297	3953	4078	4
329	0	258	1	6438	6695	9
329	0	422	259	5897	6060	7
347	0	212	1	9794	10006	7
347	0	251	213	8847	8885	0
353	0	1	76	6909	6984	3
353	0	77	286	7726	7935	2
355	0	27	1	2067	2093	1
355	0	242	28	1308	1523	13
360	0	196	1	7722	7917	4
360	0	326	197	6889	7018	1
381	0	98	1	5423	5520	8
381	0	322	99	4529	4753	10
403	0	65	1	772	837	4
403	0	291	66	275	496	12
406	0	94	1	1999	2093	5
406	0	392	95	1283	1579	18
415	0	1	233	4935	5168	7
415	0	234	425	5238	5429	6
416	0	1	170	5888	6057	6
416	0	171	341	6550	6720	6
427	0	1	167	3953	4122	10
427	0	168	216	4657	4703	4
435	0	299	1	1152	1451	19
435	0	400	300	363	463	2
441	0	337	1	4666	5002	8
441	0	408	338	4325	4395	7
445	0	169	1	5775	5944	7
445	0	345	170	5022	5195	8
450	0	213	1	9794	10006	6
450	0	252	214	8847	8885	0
451	0	1	92	5888	5979	3
451	0	93	359	6424	6691	10
462	0	1	39	8570	8607	1
462	0	40	119	8911	8989	1
463	0	213	1	9794	10006	6
463	0	252	214	8847	8885	0
466	0	27	1	2067	2093	1
466	0	253	28	1302	1523	16
468	0	179	1	4499	4681	10
468	0	222	180	3923	3966	4
470	0	1	65	8867	8931	1
470	0	66	307	9418	9659	8
479	0	1	127	4551	4677	6
479	0	128	184	5484	5541	2
500	0	1	92	5888	5979	3
500	0	93	388	6424	6720	11
505	0	143	1	6553	6695	6
505	0	224	144	5866	5947	3
519	0	214	1	4467	4682	9
519	0	257	215	3923	3966	4
537	0	1	237	3523	3761	8
537	0	238	351	4138	4251	5
543	0	1	143	4551	4694	7
543	0	144	195	5490	5541	1
548	0	211	1	4467	4682	11
548	0	254	212	3923	3966	4
551	0	184	1	4499	4682	8
551	0	227	185	3923	3966	4
554	0	1	237	298	535	8
554	0	238	376	728	870	10
560	0	65	1	772	837	6
560	0	286	66	275	496	5
580	0	65	1	4618	4682	2
580	0	209	66	3953	4096	6
600	0	199	1	3500	3699	6
600	0	245	200	2880	2925	1
614	0	117	1	6917	7033	1
614	0	197	118	6165	6244	2
626	0	2	133	4554	4694	14
626	0	134	184	5490	5541	2
644	0	179	1	4499	4681	10
644	0	222	180	3923	3966	4
647	0	213	1	9794	10006	6
647	0	252	214	8847	8885	0
656	0	199	1	3500	3699	7
656	0	246	200	2880	2925	2
665	0	1	231	4935	5165	5
665	0	232	365	5835	5969	3
668	0	203	1	1249	1451	10
668	0	368	204	298	463	7
670	0	1	110	6909	7018	2
670	0	111	304	7722	7917	4
678	0	213	1	9794	10006	5
678	0	252	214	8847	8885	0
686	0	232	1	1220	1451	12
686	0	395	233	298	461	5
687	0	197	1	3500	3699	9
687	0	242	198	2880	2925	2
694	0	1	143	5888	6030	5
694	0	144	371	6347	6577	7
701	0	65	1	4618	4682	2
701	0	247	66	3915	4096	13
718	0	97	1	5424	5520	9
718	0	317	98	4551	4774	13
729	0	376	1	4627	5002	6
729	0	442	377	4059	4125	5
749	0	1	118	6525	6642	9
749	0	119	429	7047	7361	12
766	0	77	1	9187	9264	4
766	0	263	78	8541	8726	5
774	0	1	209	4551	4760	10
774	0	210	265	5485	5541	2
800	0	213	1	9794	10006	5
800	0	252	214	8847	8885	0
811	0	117	1	6917	7033	2
811	0	198	118	6165	6244	3
817	0	172	1	5775	5944	9
817	0	432	173	4936	5194	6
824	0	1	61	6185	6244	3
824	0	62	206	6917	7055	7
829	0	213	1	9794	10006	5
829	0	252	214	8847	8885	0
846	0	197	1	7722	7917	4
846	0	327	198	6889	7018	1
891	0	175	1	2391	2565	9
891	0	365	176	1896	2086	6
895	0	213	1	9794	10006	5
895	0	252	214	8847	8885	0
903	0	199	1	3500	3699	6
903	0	246	200	2880	2925	3
958	0	118	1	6916	7033	1
958	0	380	119	6165	6427	7
965	0	1	54	6909	6960	3
965	0	55	215	7758	7917	4
990	0	117	1	6917	7033	1
990	0	178	118	6185	6244	3
992	0	117	1	6917	7033	1
992	0	197	118	6165	6244	2
1017	0	1	129	7367	7495	6
1017	0	130	246	8324	8437	6
1034	0	203	1	1249	1451	10
1034	0	391	204	275	463	5
1050	0	43	1	8925	8967	1
1050	0	139	44	842	937	5
1050	0	247	140	7786	7893	2
1059	0	1	137	298	435	5
1059	0	138	347	1266	1475	10
1065	0	213	1	9794	10006	5
1065	0	252	214	8847	8885	0
1078	0	186	1	1266	1451	11
1078	0	347	187	275	435	8
1085	0	98	1	5423	5520	9
1085	0	299	99	4551	4753	10
1091	0	1	170	5888	6057	7
1091	0	171	341	6550	6720	7
1092	0	1	167	3953	4122	10
1092	0	168	370	4658	4865	9
1097	0	213	1	9794	10006	5
1097	0	252	214	8847	8885	0
1128	0	232	1	1220	1451	12
1128	0	331	233	363	461	2
1143	0	186	1	1266	1451	11
1143	0	346	187	275	435	5
1144	0	1	223	6909	7131	6
1144	0	224	354	7721	7852	3
1148	0	48	1	8920	8967	1
1148	0	253	49	7786	7990	5
1191	0	191	1	646	837	9
1191	0	384	192	366	559	6
1193	0	1	83	8867	8949	1
1193	0	84	364	9421	9701	7
1215	0	1	143	3953	4096	7
1215	0	144	231	4618	4703	4
1230	0	212	1	9794	10006	6
1230	0	251	213	8847	8885	0
1235	0	170	1	5775	5944	6
1235	0	268	171	5096	5194	2
1270	0	67	1	4618	4682	4
1270	0	212	68	3953	4096	7
1279	0	1	187	7804	7990	6
1279	0	188	234	8920	8967	1
1281	0	1	98	8570	8667	0
1281	0	99	236	9157	9293	7
1286	0	232	1	1220	1451	14
1286	0	331	233	363	461	2
1287	0	85	1	8324	8408	2
1287	0	229	86	7351	7495	6
1314	0	1	215	5888	6102	6
1314	0	216	364	6493	6641	7
1319	0	1	214	1302	1515	13
1319	0	215	318	1990	2094	4
1331	0	186	1	4499	4682	10
1331	0	226	187	3926	3966	3
1341	0	104	1	1990	2093	3
1341	0	349	105	1273	1515	19
1359	0	170	1	5775	5944	7
1359	0	429	171	4935	5194	7
1364	0	100	1	9165	9264	5
1364	0	190	101	8570	8654	5
1401	0	216	1	7222	7437	5
1401	0	339	217	6572	6693	7
1442	0	1	214	1302	1515	14
1442	0	215	336	1990	2111	3
1452	0	1	110	6909	7018	3
1452	0	111	298	7722	7909	4
1457	0	1	138	298	435	4
1457	0	139	348	1266	1475	11
1462	0	213	1	9794	10006	6
1462	0	252	214	8847	8885	0
1475	0	94	1	4137	4230	5
1475	0	432	95	3597	3938	19
1483	0	1	60	6185	6244	2
1483	0	61	199	6917	7055	3
1487	0	1	93	5887	5979	4
1487	0	94	351	6424	6683	10
1500	0	1	127	4551	4677	6
1500	0	128	184	5484	5541	2
1507	0	228	1	5987	6214	7
1507	0	336	229	5727	5835	8
1518	0	1	164	298	461	5
1518	0	165	396	1220	1451	12
1548	0	1	110	6909	7018	2
1548	0	111	324	7722	7935	4
1615	0	214	1	9794	10006	6
1615	0	253	215	8847	8885	0
1636	0	143	1	6553	6695	6
1636	0	189	144	5902	5947	1
1668	0	1	231	4935	5165	5
1668	0	232	263	5835	5866	1
1676	0	349	1	6347	6695	11
1676	0	411	350	5969	6030	4
1701	0	65	1	4618	4682	2
1701	0	247	66	3915	4096	13
1728	0	123	1	4878	5002	4
1728	0	393	124	3923	4199	18
1736	0	1	51	5403	5453	1
1736	0	52	162	5859	5969	2
1739	0	58	1	3395	3452	1
1739	0	434	59	2469	2844	15
1755	0	183	1	6513	6695	9
1755	0	290	184	5888	5994	4
1757	0	1	223	1302	1523	15
1757	0	224	250	2067	2093	1
1804	0	1	89	7804	7893	3
1804	0	90	179	842	927	9
1819	0	1	260	4935	5194	6
1819	0	261	346	5775	5860	3
1822	0	53	1	8915	8967	1
1822	0	125	54	8541	8612	3
1831	0	186	1	1266	1451	13
1831	0	346	187	275	435	6
1845	0	1	186	7804	7990	7
1845	0	187	256	8920	8989	0
1857	0	1	138	298	435	4
1857	0	139	252	1266	1379	4
1886	0	199	1	3500	3699	7
1886	0	245	200	2880	2925	1
1890	0	1	89	7804	7893	3
1890	0	90	185	842	937	4
1890	0	186	250	8925	8989	0
1922	0	176	1	6039	6214	5
1922	0	220	177	5375	5418	0
1930	0	1	89	7804	7893	3
1930	0	90	185	842	937	4
1930	0	186	250	8925	8989	0
2008	0	1	157	8570	8726	3
2008	0	158	266	9187	9293	6
2013	0	56	1	4627	4682	2
2013	0	267	57	3915	4125	14
2025	0	1	48	1302	1349	3
2025	0	49	246	1695	1892	7
2055	0	1	144	4551	4694	6
2055	0	145	196	5490	5541	1
2074	0	1	85	8570	8654	0
2074	0	86	216	9165	9293	6
2080	0	212	1	9794	10006	7
2080	0	251	213	8847	8885	0
2134	0	199	1	3500	3699	7
2134	0	245	200	2880	2925	1
2143	0	358	1	1494	1851	16
2143	0	422	359	1159	1221	3
2172	0	1	109	6909	7018	2
2172	0	110	323	7722	7935	4
2188	0	200	1	4483	4682	8
2188	0	457	201	4014	4270	11
2267	0	1	64	7367	7430	2
2267	0	65	297	8015	8245	8
2384	0	79	1	3620	3699	5
2384	0	283	80	2880	3083	6
2470	0	1	60	6185	6244	2
2470	0	61	200	6917	7055	2
2484	0	93	1	4138	4230	6
2484	0	353	94	3501	3761	11
2494	0	216	1	4467	4682	8
2494	0	259	217	3923	3966	4
2573	0	186	1	1266	1451	10
2573	0	348	187	275	435	6
2580	0	1	51	1302	1352	2
2580	0	52	277	1731	1960	12
2591	0	85	1	8324	8408	2
2591	0	230	86	7351	7495	6
2663	0	109	1	4894	5002	2
2663	0	321	110	4139	4350	6
2674	0	53	1	8915	8967	1
2674	0	125	54	8541	8612	4
2709	0	1	195	6909	7103	4
2709	0	196	357	7560	7720	10
2880	0	44	1	4187	4230	4
2880	0	329	45	3746	4030	10
2892	0	216	1	4467	4682	8
2892	0	259	217	3923	3966	4
2897	0	1	278	1302	1579	16
2897	0	279	394	1999	2111	6
2926	0	95	1	1999	2093	3
2926	0	340	96	1335	1579	15
2946	0	1	143	3953	4096	7
2946	0	144	208	4618	4682	2
2974	0	1	243	6185	6427	4
2974	0	244	353	6916	7025	1
2989	0	1	143	6909	7051	2
2989	0	144	201	7403	7460	3
2998	0	204	1	6493	6695	10
2998	0	270	205	6037	6102	2
3089	0	138	1	9506	9642	6
3089	0	316	148	9331	9500	8
3099	0	1	241	4357	4597	9
3099	0	242	349	4813	4921	1
3284	0	35	1	7403	7437	2
3284	0	198	36	6889	7051	1
3318	0	199	1	3500	3699	6
3318	0	245	200	2880	2925	1
3347	0	94	1	4137	4230	5
3347	0	438	95	3595	3938	12
3440	0	347	1	1105	1451	19
3440	0	439	348	387	478	1
3454	0	1	90	1132	1221	4
3454	0	91	238	1494	1641	8
3477	0	232	1	1220	1451	13
3477	0	381	233	312	461	7
3479	0	1	43	8570	8612	0
3479	0	44	118	8915	8989	0
3508	0	123	1	6092	6214	5
3508	0	205	124	5866	5948	3
3523	0	272	1	6424	6695	9
3523	0	387	273	5866	5979	3
3539	0	53	1	6162	6214	2
3539	0	195	54	5866	6008	5
3596	0	107	1	9157	9264	5
3596	0	234	108	8541	8667	3
3671	0	349	1	6347	6695	11
3671	0	411	350	5969	6030	3
3692	0	232	1	1220	1451	12
3692	0	369	233	325	461	3
3728	0	65	1	772	837	5
3728	0	291	66	275	496	9
3789	0	203	1	6493	6695	8
3789	0	393	204	5914	6102	7
3852	0	102	1	735	837	5
3852	0	350	103	275	524	7
4005	0	1	43	8570	8612	0
4005	0	44	96	8915	8967	0
4024	0	168	1	669	837	7
4024	0	332	169	298	460	6
4027	0	1	60	6185	6244	2
4027	0	61	200	6917	7055	2
4090	0	1	39	8570	8607	1
4090	0	40	327	8911	9199	9
4105	0	304	1	1148	1451	16
4105	0	373	305	390	458	2
4119	0	48	1	8920	8967	1
4119	0	254	49	7786	7990	5
4123	0	1	129	4935	5063	4
4123	0	130	305	7012	7187	5
4164	0	43	1	8925	8967	1
4164	0	139	44	842	937	4
4164	0	229	140	7804	7893	2
4245	0	187	1	650	837	9
4245	0	331	188	362	505	2
4264	0	184	1	4499	4682	9
4264	0	227	185	3923	3966	4
4266	0	1	43	8570	8612	0
4266	0	44	359	8915	9229	11
4362	0	107	1	9157	9264	6
4362	0	206	108	8570	8667	2
4405	0	1	230	4357	4585	8
4405	0	231	353	4798	4915	5
4440	0	232	1	8737	8967	6
4440	0	294	233	8541	8602	3
4473	0	1	157	8570	8726	2
4473	0	158	251	8869	8962	1
4500	0	1	129	7367	7495	6
4500	0	130	236	8324	8430	2
4506	0	109	1	4894	5002	2
4506	0	315	110	4145	4350	6
4591	0	77	1	9187	9264	4
4591	0	263	78	8541	8726	5
4625	0	157	1	1695	1851	6
4625	0	205	158	1302	1349	2
4686	0	1	155	6909	7063	2
4686	0	156	309	7781	7935	4
4726	0	1	143	3953	4096	7
4726	0	144	231	4618	4703	8
4814	0	1	33	8570	8602	0
4814	0	34	265	8737	8967	4
4819	0	1	243	4357	4597	9
4819	0	244	320	4811	4888	1
4863	0	53	1	8915	8967	1
4863	0	125	54	8541	8612	3
4921	0	1	100	6525	6624	5
4921	0	101	351	7017	7270	8
4925	0	213	1	9794	10006	5
4925	0	252	214	8847	8885	0
4997	0	1	151	1132	1282	7
4997	0	152	302	1460	1610	9
5009	0	1	85	8570	8654	0
5009	0	86	216	9165	9293	6
5028	0	189	1	1266	1451	15
5028	0	262	190	363	435	2
5040	0	1	352	763	1116	13
5040	0	353	423	1310	1380	2
5057	0	1	239	3523	3761	6
5057	0	240	285	4138	4183	1
5110	0	348	1	1104	1451	22
5110	0	448	349	381	478	5
5128	0	300	1	1152	1451	16
5128	0	402	301	361	463	1
5145	0	1	107	5888	5994	5
5145	0	108	291	6513	6695	9
5194	0	58	1	3395	3452	0
5194	0	195	59	2712	2844	8
5204	0	225	1	9418	9642	7
5204	0	310	226	8847	8931	1
5295	0	1	218	1132	1349	6
5295	0	219	340	1695	1816	3
5402	0	1	345	298	642	9
5402	0	346	414	723	791	1
5415	0	102	1	735	837	6
5415	0	351	103	275	524	6
5426	0	1	46	8867	8912	1
5426	0	47	283	9114	9351	9
5649	0	1	164	298	461	4
5649	0	165	306	1220	1361	8
5707	0	44	1	8925	8967	2
5707	0	123	45	860	937	5
5743	0	203	1	4480	4682	8
5743	0	382	204	3923	4097	16
5764	0	1	199	298	496	5
5764	0	200	265	772	837	4
5773	0	101	1	4130	4230	5
5773	0	224	102	3903	4030	9
5782	0	53	1	6162	6214	2
5782	0	196	54	5866	6008	7
5814	0	1	164	298	461	4
5814	0	165	396	1220	1451	12
5829	0	85	1	7833	7917	3
5829	0	306	86	7076	7297	5
5831	0	1	144	3953	4097	7
5831	0	145	194	4480	4529	1
5871	0	107	1	9157	9264	4
5871	0	234	108	8541	8667	3
5887	0	1	144	4551	4694	6
5887	0	145	196	5490	5541	1
5920	0	1	129	4935	5063	4
5920	0	130	268	7012	7148	6
5942	0	53	1	8915	8967	1
5942	0	96	54	8570	8612	0
5968	0	1	128	7804	7931	5
5968	0	129	196	8015	8083	3
6063	0	144	1	6553	6695	7
6063	0	226	145	5866	5947	2
6096	0	1	129	7367	7495	3
6096	0	130	215	8324	8408	6
6119	0	1	239	3523	3761	7
6119	0	240	329	4138	4227	6
6272	0	111	1	4894	5002	4
6272	0	170	112	4293	4350	2
6346	0	1	239	3523	3761	7
6346	0	240	316	4138	4215	4
6405	0	1	107	5888	5994	5
6405	0	108	175	6513	6580	3
6577	0	43	1	8925	8967	1
6577	0	115	44	865	937	5
6674	0	110	1	5835	5944	4
6674	0	365	111	4914	5165	9
6764	0	272	1	6424	6695	9
6764	0	385	273	5866	5979	4
7066	0	1	121	4551	4677	10
7066	0	122	178	5484	5541	2
7069	0	52	1	8915	8967	2
7069	0	123	53	8541	8612	4
7070	0	177	1	4499	4681	11
7070	0	220	178	3923	3966	4
7082	0	213	1	9794	10006	5
7082	0	252	214	8847	8885	0
7091	0	199	1	3500	3699	10
7091	0	245	200	2880	2925	1
7093	0	1	236	298	535	9
7093	0	237	374	728	865	9
7100	0	84	1	8324	8408	3
7100	0	229	85	7351	7495	6
7101	0	213	1	9794	10006	5
7101	0	252	214	8847	8885	0
7106	0	65	1	772	837	5
7106	0	201	66	363	496	9
7108	0	1	206	4551	4760	11
7108	0	207	262	5485	5541	2
7110	0	213	1	9794	10006	5
7110	0	252	214	8847	8885	1
7123	0	176	1	4499	4681	12
7123	0	219	177	3923	3966	4
7125	0	1	60	6184	6244	3
7125	0	61	200	6917	7055	2
7127	0	1	59	5888	5947	2
7127	0	60	163	6553	6656	6
7129	0	1	88	7804	7893	4
7129	0	89	183	842	937	4
7129	0	184	248	8925	8989	0
7131	0	1	98	8570	8667	0
7131	0	99	239	9157	9293	8
7135	0	23	87	7828	7893	3
7135	0	88	182	842	937	5
7135	0	183	247	8925	8989	1
7136	0	43	1	8925	8967	2
7136	0	138	44	842	937	4
7136	0	246	139	7786	7893	2
7137	0	186	1	1266	1451	10
7137	0	344	187	275	435	8
7149	0	213	1	9794	10006	7
7149	0	251	214	8847	8885	1
7155	0	213	1	9794	10006	6
7155	0	252	214	8847	8885	0
7156	0	65	1	772	837	5
7156	0	284	66	275	496	8
7159	0	213	1	9794	10006	7
7159	0	252	214	8847	8885	0
7161	0	358	1	3340	3699	11
7161	0	393	359	2880	2914	1
7168	0	1	158	8570	8726	4
7168	0	159	266	9187	9293	7
7173	0	166	1	7751	7917	5
7173	0	364	167	7351	7548	7
7174	0	1	157	8570	8726	2
7174	0	158	266	9187	9293	6
7179	0	1	206	4551	4760	11
7179	0	207	262	5485	5541	2
7180	0	157	1	1695	1851	5
7180	0	401	158	1109	1349	15
7191	0	213	1	9794	10006	7
7191	0	251	214	8847	8885	1
7193	0	1	43	8570	8612	0
7193	0	44	118	8915	8989	0
7252	0	1	129	7367	7495	6
7252	0	130	245	8324	8437	7
7282	0	1	156	8570	8726	5
7282	0	157	204	9187	9234	1
7292	0	213	1	9794	10006	5
7292	0	252	214	8847	8885	0
7297	0	213	1	9794	10006	5
7297	0	252	214	8847	8885	0
7316	0	1	143	4551	4694	7
7316	0	144	195	5490	5541	1
7330	0	1	42	8570	8612	1
7330	0	43	97	8915	8967	2
7333	0	349	1	8915	9264	13
7333	0	392	350	8570	8612	0
7344	0	1	166	298	463	4
7344	0	167	369	1249	1451	10
7373	0	77	1	9187	9264	5
7373	0	238	78	8570	8726	6
7378	0	134	1	9130	9264	5
7378	0	181	135	8915	8961	0
7378	0	253	182	8541	8612	3
7402	0	1	144	3953	4096	9
7402	0	145	231	4618	4703	5
7406	0	58	1	3395	3452	0
7406	0	473	59	2429	2844	20
7432	0	146	1	6550	6695	6
7432	0	336	147	5866	6057	9
7440	0	130	1	5390	5520	11
7440	0	339	131	4715	4923	3
7441	0	142	1	6553	6695	7
7441	0	223	143	5866	5947	3
7459	0	186	1	1266	1451	11
7459	0	347	187	275	435	4
7462	0	1	129	7367	7495	7
7462	0	130	245	8324	8435	7
7470	0	84	1	8324	8408	3
7470	0	229	85	7351	7495	5
7478	0	65	1	4618	4682	2
7478	0	247	66	3915	4096	15
7491	0	1	169	3953	4122	10
7491	0	170	218	4657	4703	4
7500	0	1	155	6909	7063	2
7500	0	156	292	7781	7917	5
7502	0	109	1	5835	5944	5
7502	0	360	110	4914	5165	10
7514	0	85	1	8324	8408	2
7514	0	230	86	7351	7495	7
7527	0	296	1	4706	5002	6
7527	0	409	297	3966	4078	4
7545	0	77	1	9187	9264	5
7545	0	263	78	8541	8726	5
7547	0	118	1	6916	7033	1
7547	0	379	119	6165	6427	6
7548	0	1	157	7367	7522	9
7548	0	158	264	7829	7935	2
7566	0	132	1	5390	5520	10
7566	0	339	133	4715	4923	5
7570	0	85	1	8324	8408	2
7570	0	230	86	7351	7495	5
7575	0	1	43	8570	8612	0
7575	0	44	326	8915	9199	10
7592	0	137	1	7781	7917	3
7592	0	312	138	6889	7063	2
7635	0	142	1	6553	6695	8
7635	0	223	143	5866	5947	3
7641	0	136	1	7781	7917	4
7641	0	311	137	6889	7063	1
7643	0	1	44	8867	8910	1
7643	0	45	394	9656	10006	8
7647	0	169	1	5775	5944	7
7647	0	259	170	5105	5194	1
7665	0	1	167	5888	6054	7
7665	0	168	268	6547	6648	7
7685	0	184	1	4499	4682	8
7685	0	227	185	3923	3966	4
7687	0	53	1	8915	8967	1
7687	0	125	54	8541	8612	3
7697	0	115	1	5830	5944	4
7697	0	339	116	5128	5351	6
7701	0	1	78	36	114	2
7701	0	79	190	343	454	4
7707	0	186	1	1266	1451	10
7707	0	345	187	275	435	6
7708	0	231	1	8737	8967	5
7708	0	264	232	8570	8602	0
7715	0	109	1	4894	5002	2
7715	0	324	110	4136	4350	7
7716	0	1	138	298	435	5
7716	0	139	324	1266	1451	10
7717	0	203	1	1249	1451	10
7717	0	369	204	298	463	7
7718	0	1	89	7804	7893	3
7718	0	90	184	842	937	4
7718	0	185	227	8925	8967	0
7735	0	1	243	6185	6427	4
7735	0	244	362	6916	7033	2
7741	0	348	1	8915	9264	13
7741	0	391	349	8570	8612	0
7755	0	1	60	5888	5947	2
7755	0	61	228	6553	6720	6
7756	0	79	1	3620	3699	4
7756	0	283	80	2880	3083	5
7763	0	212	1	9794	10006	6
7763	0	251	213	8847	8885	0
7781	0	220	1	9794	10006	14
7781	0	260	221	8847	8885	1
7785	0	1	33	8570	8602	0
7785	0	34	286	8737	8989	4
7787	0	213	1	9794	10006	5
7787	0	252	214	8847	8885	0
7794	0	65	1	772	837	5
7794	0	286	66	275	496	5
7795	0	186	1	1266	1451	10
7795	0	346	187	275	435	6
7800	0	213	1	9794	10006	5
7800	0	252	214	8847	8885	0
7801	0	200	1	3500	3699	7
7801	0	246	201	2880	2925	1
7803	0	43	1	8925	8967	1
7803	0	139	44	842	937	4
7803	0	247	140	7786	7893	2
7809	0	1	98	8570	8667	0
7809	0	99	237	9157	9293	6
7813	0	136	1	7781	7917	4
7813	0	294	137	6909	7063	4
7818	0	1	140	4551	4691	7
7818	0	141	267	4894	5021	5
7823	0	1	217	1132	1349	11
7823	0	218	296	1695	1772	5
7863	0	77	1	9187	9264	4
7863	0	233	78	8570	8726	3
7878	0	186	1	1266	1451	11
7878	0	321	187	298	435	9
7937	0	358	1	3340	3699	10
7937	0	393	359	2880	2914	1
7943	0	1	60	6185	6244	2
7943	0	61	200	6917	7055	2
7947	0	142	1	6553	6695	8
7947	0	224	143	5866	5947	3
7960	0	35	1	7403	7437	2
7960	0	443	36	6644	7051	11
7965	0	85	1	8324	8408	2
7965	0	230	86	7351	7495	5
7976	0	1	43	8570	8612	0
7976	0	44	326	8915	9199	10
7977	0	1	260	4935	5194	6
7977	0	261	352	5775	5866	3
7982	0	1	127	4551	4677	6
7982	0	128	184	5484	5541	2
7993	0	1	143	3953	4096	8
7993	0	144	231	4618	4703	4
7998	0	199	1	3500	3699	6
7998	0	245	200	2880	2925	1
8047	0	184	1	4499	4682	8
8047	0	227	185	3923	3966	4
8057	0	199	1	4804	5002	2
8057	0	433	200	4357	4590	7
8075	0	183	1	4499	4682	9
8075	0	226	184	3923	3966	4
8084	0	1	52	6909	6960	1
8084	0	53	230	7758	7935	3
8092	0	184	1	4499	4682	8
8092	0	227	185	3923	3966	4
8108	0	186	1	1266	1451	10
8108	0	323	187	298	435	5
8121	0	1	222	1302	1523	14
8121	0	223	250	2067	2093	2
8140	0	120	1	6917	7033	4
8140	0	182	121	6185	6244	6
8154	0	184	1	4499	4682	8
8154	0	227	185	3923	3966	4
8163	0	1	82	4934	5016	6
8163	0	83	207	5845	5969	6
8182	0	1	31	36	65	1
8182	0	32	87	1266	1321	3
8205	0	1	118	6525	6642	6
8205	0	119	353	7047	7284	10
8222	0	1	110	6909	7018	2
8222	0	111	308	7722	7917	8
8233	0	157	1	1695	1851	5
8233	0	348	158	1159	1349	8
8252	0	93	1	4138	4230	7
8252	0	354	94	3501	3761	11
8261	0	1	127	7804	7931	4
8261	0	128	334	8015	8221	6
8277	0	186	1	1266	1451	10
8277	0	345	187	275	435	5
8287	0	183	1	4499	4682	8
8287	0	226	184	3923	3966	4
8316	0	168	1	5775	5944	8
8316	0	343	169	5022	5194	6
8317	0	1	223	1302	1523	15
8317	0	224	268	2067	2111	1
8336	0	99	1	9165	9264	4
8336	0	184	100	8570	8654	0
8341	0	1	43	8570	8612	0
8341	0	44	118	8915	8989	1
8410	0	1	88	7804	7893	4
8410	0	89	183	842	937	4
8410	0	184	248	8925	8989	0
8434	0	1	158	8570	8726	4
8434	0	159	267	9187	9293	6
8469	0	27	1	2067	2093	1
8469	0	127	28	1429	1523	10
8476	0	131	1	2701	2831	5
8476	0	198	132	2363	2429	0
8526	0	199	1	3500	3699	7
8526	0	245	200	2880	2925	4
8527	0	157	1	1695	1851	7
8527	0	276	158	1233	1349	7
8534	0	182	1	4499	4683	12
8534	0	225	183	3923	3966	4
8580	0	1	90	1132	1221	4
8580	0	91	298	1494	1700	9
8631	0	48	1	8920	8967	1
8631	0	253	49	7786	7990	5
8654	0	203	1	1249	1451	10
8654	0	391	204	276	463	7
8655	0	65	1	772	837	5
8655	0	263	66	298	496	5
8665	0	44	1	4187	4230	4
8665	0	356	45	3719	4030	12
8668	0	1	43	8570	8612	0
8668	0	44	326	8915	9199	10
8682	0	203	1	1249	1451	11
8682	0	294	204	373	463	2
8736	0	1	89	7804	7893	3
8736	0	90	185	842	937	4
8736	0	186	250	8925	8989	0
8762	0	1	218	298	515	6
8762	0	219	330	726	837	6
8763	0	184	1	4499	4682	8
8763	0	227	185	3923	3966	4
8819	0	1	110	6909	7018	3
8819	0	111	308	7722	7917	4
8841	0	1	222	1302	1523	14
8841	0	223	268	2067	2111	2
8851	0	1	260	4935	5194	3
8851	0	261	345	5775	5857	4
8887	0	1	89	8291	8379	1
8887	0	90	280	8657	8847	6
8897	0	194	1	1266	1451	19
8897	0	280	195	352	435	6
8905	0	93	1	4138	4230	5
8905	0	268	94	3588	3761	7
8973	0	349	1	8915	9264	14
8973	0	392	350	8570	8612	0
9004	0	1	250	298	547	7
9004	0	251	321	637	707	3
9047	0	213	1	9794	10006	6
9047	0	252	214	8847	8885	0
9054	0	125	1	4878	5002	3
9054	0	410	126	3915	4199	17
9058	0	1	80	5403	5481	6
9058	0	86	188	5486	5588	4
9089	0	231	1	8737	8967	5
9089	0	406	232	7861	8035	4
9095	0	139	44	842	937	4
9095	0	247	140	7786	7893	2
9132	0	1	262	4935	5194	7
9132	0	263	344	5775	5857	3
9143	0	1	157	8570	8726	2
9143	0	158	235	9187	9264	3
9247	0	27	1	2067	2093	1
9247	0	278	28	1273	1523	22
9274	0	1	222	1302	1523	14
9274	0	223	267	2067	2111	1
9292	0	213	1	9794	10006	5
9292	0	252	214	8847	8885	0
9323	0	80	1	1372	1451	6
9323	0	387	81	915	1221	9
9398	0	267	1	6429	6695	9
9398	0	364	268	5866	5962	2
9450	0	110	1	4894	5002	4
9450	0	270	111	4198	4350	12
9465	0	141	1	9123	9264	7
9465	0	323	142	8749	8930	4
9473	0	116	1	6917	7033	3
9473	0	210	117	6152	6244	9
9510	0	77	1	9187	9264	5
9510	0	263	78	8541	8726	5
9556	0	184	1	4499	4682	8
9556	0	227	185	3923	3966	4
9575	0	347	1	1105	1451	17
9575	0	412	348	415	478	1
9606	0	1	129	7367	7495	6
9606	0	130	246	8324	8437	6
9618	0	1	238	298	535	5
9618	0	239	346	728	837	6
9627	0	213	1	9794	10006	5
9627	0	253	214	8847	8885	1
9633	0	1	147	3953	4100	7
9633	0	148	205	4621	4678	3
9670	0	1	194	1302	1495	10
9670	0	200	337	1503	1639	8
9678	0	43	1	8925	8967	1
9678	0	139	44	842	937	4
9678	0	248	140	7786	7893	4
9680	0	272	1	6424	6695	11
9680	0	326	273	5927	5979	2
9698	0	1	219	3522	3741	10
9698	0	220	399	3798	3977	8
9729	0	1	110	6909	7018	2
9729	0	111	307	7722	7917	4
9736	0	131	1	5390	5520	9
9736	0	339	132	4715	4923	5
9806	0	191	1	646	837	10
9806	0	373	192	376	559	8
9822	0	1	151	1132	1282	7
9822	0	152	335	1460	1641	12
9854	0	236	1	1218	1451	17
9854	0	317	237	381	460	2
9917	0	1	143	3953	4096	7
9917	0	144	230	4618	4703	5
9929	0	65	1	4618	4682	2
9929	0	247	66	3915	4096	13
9964	0	1	61	5887	5947	3
9964	0	62	232	6553	6720	10
10093	0	109	1	4894	5002	2
10093	0	318	110	4142	4350	6
10112	0	232	1	8737	8967	7
10112	0	294	233	8541	8602	3
10130	0	199	1	3500	3699	7
10130	0	245	200	2880	2925	1
10136	0	58	1	3395	3452	0
10136	0	316	59	2586	2844	15
10160	0	1	173	8416	8588	8
10160	0	174	366	6994	7187	5
10164	0	213	1	9794	10006	5
10164	0	252	214	8847	8885	0
10207	0	196	1	7722	7917	3
10207	0	326	197	6889	7018	2
10221	0	233	1	1220	1451	13
10221	0	322	234	373	461	2
10225	0	1	83	8867	8949	1
10225	0	84	240	9421	9578	7
10273	0	43	1	8925	8967	1
10273	0	79	44	902	937	1
10395	0	1	107	5888	5994	5
10395	0	108	290	6513	6695	8
10399	0	1	157	8570	8726	2
10399	0	158	266	9187	9293	6
10524	0	1	130	7367	7495	7
10524	0	131	214	8324	8408	2
10539	0	183	1	6513	6695	9
10539	0	310	184	5866	5994	6
10541	0	213	1	9794	10006	5
10541	0	252	214	8847	8885	0
10545	0	107	1	9157	9264	4
10545	0	234	108	8541	8667	4
10548	0	231	1	8737	8967	6
10548	0	293	232	8541	8602	3
10559	0	227	1	9779	10006	7
10559	0	295	228	9541	9608	2
10615	0	1	89	7804	7893	3
10615	0	90	185	842	937	4
10615	0	186	250	8925	8989	0
10653	0	207	1	4476	4682	8
10653	0	250	208	3923	3966	4
10661	0	1	107	5888	5994	5
10661	0	108	291	6513	6695	9
10665	0	168	1	5775	5944	7
10665	0	211	169	5152	5194	0
10683	0	1	241	4357	4597	8
10683	0	242	347	4812	4916	5
10701	0	196	1	7722	7917	3
10701	0	326	197	6889	7018	2
10714	0	1	92	5888	5979	2
10714	0	93	361	6424	6692	9
10756	0	1	138	298	435	4
10756	0	139	324	1266	1451	10
10772	0	102	1	1991	2093	5
10772	0	273	103	1485	1655	9
10794	0	1	89	1132	1221	5
10794	0	90	274	1494	1679	9
10820	0	213	1	9794	10006	5
10820	0	252	214	8847	8885	0
10836	0	77	1	9187	9264	4
10836	0	234	78	8570	8726	3
10856	0	231	1	8737	8967	8
10856	0	264	232	8570	8602	0
10859	0	109	1	4894	5002	2
10859	0	314	110	4147	4350	7
10862	0	213	1	9794	10006	5
10862	0	252	214	8847	8885	0
11087	0	197	1	7721	7917	3
11087	0	391	198	6938	7131	4
11101	0	216	1	4467	4682	9
11101	0	259	217	3923	3966	4
11117	0	118	1	6916	7033	1
11117	0	361	119	6183	6427	14
11221	0	1	79	5403	5481	5
11221	0	85	218	5486	5619	5
11223	0	161	1	1695	1851	10
11223	0	277	162	1238	1349	8
11264	0	216	1	7222	7437	5
11264	0	344	217	6565	6693	9
11271	0	1	61	5888	5948	2
11271	0	62	350	6092	6381	9
11374	0	1	60	6185	6244	2
11374	0	61	200	6917	7055	2
11409	0	107	1	9157	9264	4
11409	0	234	108	8541	8667	3
11529	0	53	1	8915	8967	1
11529	0	125	54	8541	8612	3
11578	0	272	1	6424	6695	13
11578	0	363	273	5888	5979	3
11650	0	1	230	7367	7596	11
11650	0	238	300	7603	7664	1
11651	0	1	43	8570	8612	0
11651	0	44	118	8915	8989	0
11667	0	103	1	1991	2093	4
11667	0	326	104	1433	1655	11
11685	0	53	1	8915	8967	1
11685	0	125	54	8541	8612	3
11699	0	1	44	8867	8910	1
11699	0	45	267	9656	9877	6
11704	0	1	149	2380	2527	10
11704	0	156	250	2535	2630	7
11712	0	1	75	5888	5962	2
11712	0	76	147	6429	6500	1
11749	0	1	64	7367	7430	2
11749	0	65	116	8015	8065	3
11756	0	175	1	2391	2565	7
11756	0	347	176	1915	2086	4
11758	0	79	1	3620	3699	4
11758	0	283	80	2880	3083	5
11776	0	200	1	637	837	9
11776	0	374	201	373	547	6
11815	0	85	1	8324	8408	2
11815	0	214	86	7367	7495	5
11821	0	107	1	9157	9264	4
11821	0	235	108	8541	8667	4
11862	0	199	1	3500	3699	6
11862	0	246	200	2880	2925	2
11920	0	170	1	5775	5944	6
11920	0	344	171	5022	5194	4
11922	0	1	110	6909	7018	2
11922	0	111	306	7722	7917	4
11941	0	81	1	4150	4230	6
11941	0	310	82	3777	4005	10
11943	0	1	219	3523	3741	7
11943	0	220	306	3798	3884	4
11951	0	186	1	1266	1451	10
11951	0	260	187	362	435	2
11973	0	1	184	2900	3083	5
11973	0	185	264	3620	3699	3
12015	0	1	89	7804	7893	3
12015	0	90	185	842	937	4
12015	0	186	228	8925	8967	0
12079	0	1	143	3953	4096	7
12079	0	144	231	4618	4703	4
12173	0	48	1	8920	8967	1
12173	0	253	49	7786	7990	6
12230	0	352	1	8911	9264	13
12230	0	389	353	8570	8607	1
12249	0	125	1	4878	5002	3
12249	0	306	126	4020	4199	9
12262	0	1	108	5888	5994	6
12262	0	109	239	6513	6644	8
12277	0	1	83	8867	8949	1
12277	0	84	256	9421	9593	9
12336	0	185	1	1266	1451	13
12336	0	238	186	384	435	2
12341	0	213	1	6821	7033	3
12341	0	374	214	6426	6587	8
12358	0	1	60	5888	5947	2
12358	0	61	227	6553	6720	9
12440	0	1	121	5888	6008	4
12440	0	122	206	6162	6247	5
12450	0	1	143	3953	4096	7
12450	0	144	222	4618	4699	5
12471	0	1	43	8570	8612	0
12471	0	44	118	8915	8989	1
12546	0	233	1	1220	1451	15
12546	0	311	234	383	461	2
12602	0	1	33	8570	8602	0
12602	0	34	226	8737	8928	4
12606	0	107	1	9157	9264	4
12606	0	234	108	8541	8667	3
12699	0	1	138	298	435	5
12699	0	139	257	1266	1384	4
12709	0	94	1	4137	4230	7
12709	0	261	95	3772	3938	7
12807	0	232	1	1220	1451	13
12807	0	328	233	366	461	2
12812	0	1	65	7367	7430	3
12812	0	66	182	8015	8132	5
12850	0	44	1	4187	4230	4
12850	0	273	45	3802	4030	11
12862	0	1	118	6525	6642	6
12862	0	119	220	7047	7148	4
12883	0	207	1	4476	4682	10
12883	0	250	208	3923	3966	4
12890	0	85	1	8324	8408	3
12890	0	214	86	7367	7495	6
12911	0	76	1	9187	9263	4
12911	0	149	77	8652	8726	4
12954	0	185	1	4499	4682	9
12954	0	228	186	3923	3966	4
12967	0	99	1	9165	9264	5
12967	0	213	100	8541	8654	3
13334	0	1	83	8867	8949	1
13334	0	84	240	9421	9578	8
13337	0	107	1	9157	9264	5
13337	0	234	108	8541	8667	3
13454	0	1	203	4551	4753	9
13454	0	204	249	5423	5467	4
13497	0	1	61	5888	5947	3
13497	0	62	229	6553	6720	6
13667	0	94	1	4137	4230	5
13667	0	245	95	3792	3938	11
13670	0	96	1	7822	7917	3
13670	0	221	97	7054	7178	4
13672	0	214	1	9794	10006	6
13672	0	254	215	8847	8885	1
13780	0	58	1	3395	3452	0
13780	0	292	59	2604	2844	16
13867	0	79	1	3620	3699	4
13867	0	234	80	2929	3083	6
13948	0	1	166	298	463	4
13948	0	167	296	1152	1282	8
13965	0	101	1	4130	4230	5
13965	0	258	102	3876	4030	9
14093	0	65	1	4618	4682	4
14093	0	154	66	4008	4096	5
14117	0	1	230	7367	7596	14
14117	0	239	283	7602	7646	0
14129	0	1	129	4935	5063	5
14129	0	130	310	7012	7192	6
14271	0	99	1	9165	9264	4
14271	0	213	100	8541	8654	4
14346	0	78	1	9187	9264	5
14346	0	177	79	8628	8726	2
14416	0	100	1	9165	9264	5
14416	0	180	101	8574	8653	2
14472	0	1	169	298	467	8
14472	0	170	308	1223	1357	9
14492	0	117	1	6917	7033	1
14492	0	180	118	6185	6244	5
14533	0	1	184	2900	3083	6
14533	0	185	229	3620	3664	1
