Reference Accno	Start Pos	End Pos	Ref Bases	Variation Bases	Ref AA	Variation AA	Coding Frame	Total Depth	Region Name	Known SNP Info	# fwd with var	# rev with var	# total fwd	# total rev	# fwd with var	# rev with var	# total fwd	# total rev	Hidden SeqId	Hidden Pos
D3_KDC0070A_Thailand	9	9	C	T				4			1	3	1	3	3	57	4	57	0	9
D3_KDC0070A_Thailand	229	229	C	T				7			4	3	4	3	446	423	456	432	0	229
D3_KDC0070A_Thailand	314	314	T	C				17			6	10	6	11	642	488	649	491	0	314
D3_KDC0070A_Thailand	337	337	C	T				17			6	11	6	11	600	491	607	497	0	337
D3_KDC0070A_Thailand	380	380	A	C				20			7	12	7	13	515	447	517	448	0	380
D3_KDC0070A_Thailand	388	388	-	C				21			7	13	7	14	514	455	514	458	0	388
D3_KDC0070A_Thailand	529	529	T	C				10			1	9	1	9	217	326	218	328	0	529
D3_KDC0070A_Thailand	559	559	A	G				8			1	7	1	7	189	378	190	378	0	559
D3_KDC0070A_Thailand	565	565	C	T				8			1	7	1	7	180	375	180	379	0	565
D3_KDC0070A_Thailand	568	568	T	C				8			1	7	1	7	174	379	175	381	0	568
D3_KDC0070A_Thailand	632	632	A	G				9			1	8	1	8	70	431	70	433	0	632
D3_KDC0070A_Thailand	646	646	C	T				9			1	8	1	8	57	439	58	441	0	646
D3_KDC0070A_Thailand	652	652	A	G				9			1	8	1	8	55	443	55	444	0	652
D3_KDC0070A_Thailand	676	676	A	G				9			1	8	1	8	27	463	27	464	0	676
D3_KDC0070A_Thailand	733	733	T	C				11			3	8	3	8	5	486	5	487	0	733
D3_KDC0070A_Thailand	796	796	T	C				15			6	9	6	9	198	531	198	531	0	796
D3_KDC0070A_Thailand	811	811	C	G				13			6	7	6	7	197	507	198	512	0	811
D3_KDC0070A_Thailand	821	821	T	C				12			6	6	6	6	196	510	198	511	0	821
D3_KDC0070A_Thailand	833	833	C	-				11			6	5	6	5	196	502	198	509	0	833
D3_KDC0070A_Thailand	877	877	C	T				6			3	2	4	2	190	9	201	9	0	877
D3_KDC0070A_Thailand	883	883	T	A				6			4	2	4	2	201	9	201	9	0	883
D3_KDC0070A_Thailand	898	898	T	C				6			4	2	4	2	200	9	200	9	0	898
D3_KDC0070A_Thailand	911	911	A	G				6			4	2	4	2	196	10	196	10	0	911
D3_KDC0070A_Thailand	943	943	C	T				4			3	1	3	1	163	1	164	1	0	943
D3_KDC0070A_Thailand	961	961	A	G				4			3	1	3	1	161	1	162	1	0	961
D3_KDC0070A_Thailand	994	994	C	T				5			3	2	3	2	146	3	147	3	0	994
D3_KDC0070A_Thailand	1123	1123	C	T				5			2	3	2	3	25	77	25	77	0	1123
D3_KDC0070A_Thailand	1138	1138	C	T				7			4	3	4	3	203	128	204	131	0	1138
D3_KDC0070A_Thailand	1157	1157	C	T				9			6	3	6	3	202	152	205	156	0	1157
D3_KDC0070A_Thailand	1195	1195	C	T				11			6	5	6	5	193	199	198	205	0	1195
D3_KDC0070A_Thailand	1213	1213	T	C				9			4	5	4	5	174	206	175	209	0	1213
D3_KDC0070A_Thailand	1222	1222	C	T				8			5	3	5	3	169	216	171	219	0	1222
D3_KDC0070A_Thailand	1231	1231	C	T				9			6	3	6	3	169	207	171	220	0	1231
D3_KDC0070A_Thailand	1277	1277	C	T				18			9	4	9	9	175	245	177	257	0	1277
D3_KDC0070A_Thailand	1283	1283	C	T				17			8	5	8	9	168	249	168	257	0	1283
D3_KDC0070A_Thailand	1307	1307	T	C				21			11	10	11	10	310	278	311	280	0	1307
D3_KDC0070A_Thailand	1336	1336	C	T				22			10	12	10	12	304	295	305	298	0	1336
D3_KDC0070A_Thailand	1393	1393	C	T				18			8	9	8	10	266	301	268	306	0	1393
D3_KDC0070A_Thailand	1402	1402	G	A				16			7	9	7	9	252	301	253	305	0	1402
D3_KDC0070A_Thailand	1414	1414	T	A				17			7	10	7	10	247	303	248	308	0	1414
D3_KDC0070A_Thailand	1427	1427	G	A				17			7	10	7	10	240	310	241	312	0	1427
D3_KDC0070A_Thailand	1428	1428	T	C				17			7	10	7	10	241	302	241	312	0	1428
D3_KDC0070A_Thailand	1438	1438	G	A				18			7	11	7	11	224	314	227	316	0	1438
D3_KDC0070A_Thailand	1477	1477	C	T				12			4	8	4	8	176	22	177	23	0	1477
D3_KDC0070A_Thailand	1486	1486	T	C				12			4	5	4	8	172	46	176	52	0	1486
D3_KDC0070A_Thailand	1496	1496	G	A				11			4	7	4	7	156	58	159	58	0	1496
D3_KDC0070A_Thailand	1498	1498	T	C				12			5	7	5	7	158	62	158	62	0	1498
D3_KDC0070A_Thailand	1501	1501	G	A				12			5	7	5	7	158	62	158	62	0	1501
D3_KDC0070A_Thailand	1522	1522	C	A				11			6	3	6	5	122	80	123	83	0	1522
D3_KDC0070A_Thailand	1537	1537	G	A				10			6	4	6	4	110	93	110	93	0	1537
D3_KDC0070A_Thailand	1559	1559	C	T				10			6	4	6	4	74	94	74	97	0	1559
D3_KDC0070A_Thailand	1597	1597	C	T				9			5	4	5	4	45	139	45	139	0	1597
D3_KDC0070A_Thailand	1621	1621	A	G				7			4	3	4	3	18	142	18	144	0	1621
D3_KDC0070A_Thailand	1717	1717	T	C				5			1	3	2	3	2	202	3	203	0	1717
D3_KDC0070A_Thailand	1723	1723	T	C				5			2	3	2	3	3	204	3	204	0	1723
D3_KDC0070A_Thailand	1732	1732	C	T				5			2	3	2	3	3	203	3	205	0	1732
D3_KDC0070A_Thailand	1735	1735	G	A				6			3	3	3	3	4	204	4	205	0	1735
D3_KDC0070A_Thailand	1846	1846	T	C				7			2	5	2	5	2	307	2	309	0	1846
D3_KDC0070A_Thailand	1879	1879	C	T				5			2	3	2	3	2	132	2	136	0	1879
D3_KDC0070A_Thailand	1945	1945	C	T				10			3	6	4	6	251	161	253	163	0	1945
D3_KDC0070A_Thailand	2052	2052	C	T				11			5	6	5	6	221	191	222	192	0	2052
D3_KDC0070A_Thailand	2059	2059	T	C				11			5	6	5	6	220	191	220	192	0	2059
D3_KDC0070A_Thailand	2074	2074	A	T				12			6	6	6	6	215	196	215	197	0	2074
D3_KDC0070A_Thailand	2164	2164	C	T				7			3	4	3	4	170	29	172	29	0	2164
D3_KDC0070A_Thailand	2176	2176	T	A				7			3	4	3	4	164	32	164	32	0	2176
D3_KDC0070A_Thailand	2179	2179	A	T				7			3	4	3	4	156	33	157	33	0	2179
D3_KDC0070A_Thailand	2194	2194	A	G				7			3	4	3	4	127	33	128	34	0	2194
D3_KDC0070A_Thailand	2246	2246	T	C				8			3	5	3	5	67	118	67	118	0	2246
D3_KDC0070A_Thailand	2254	2254	C	T				8			3	5	3	5	64	136	64	137	0	2254
D3_KDC0070A_Thailand	2332	2332	G	T				7			2	5	2	5	6	223	6	224	0	2332
D3_KDC0070A_Thailand	2349	2349	T	C				7			2	5	2	5	6	240	6	242	0	2349
D3_KDC0070A_Thailand	2437	2437	T	C				7			3	4	3	4	142	331	142	332	0	2437
D3_KDC0070A_Thailand	2443	2443	C	T				7			3	4	3	4	141	336	141	337	0	2443
D3_KDC0070A_Thailand	2473	2473	T	C				7			3	4	3	4	138	397	139	400	0	2473
D3_KDC0070A_Thailand	2494	2494	C	T				7			3	4	3	4	134	391	136	405	0	2494
D3_KDC0070A_Thailand	2512	2512	G	A				7			3	4	3	4	134	413	135	417	0	2512
D3_KDC0070A_Thailand	2530	2530	C	T				8			3	5	3	5	130	418	131	423	0	2530
D3_KDC0070A_Thailand	2533	2533	G	A				8			3	5	3	5	128	422	129	426	0	2533
D3_KDC0070A_Thailand	2614	2614	G	A				7			4	3	4	3	112	157	112	159	0	2614
D3_KDC0070A_Thailand	2620	2620	T	C				7			4	3	4	3	110	159	110	159	0	2620
D3_KDC0070A_Thailand	2641	2641	C	T				5			2	3	2	3	77	163	77	163	0	2641
D3_KDC0070A_Thailand	2659	2659	G	T				4			1	3	1	3	58	164	59	164	0	2659
D3_KDC0070A_Thailand	2683	2683	G	A				4			1	3	1	3	42	167	43	169	0	2683
D3_KDC0070A_Thailand	2686	2686	A	G				4			1	3	1	3	41	168	41	169	0	2686
D3_KDC0070A_Thailand	2713	2713	G	A				5			1	4	1	4	28	170	28	172	0	2713
D3_KDC0070A_Thailand	2775	2776	TA	AC				6			2	4	2	4	7	177	7	177	0	2775
D3_KDC0070A_Thailand	2828	2828	G	A				3			1	2	1	2	3	6	3	6	0	2828
D3_KDC0070A_Thailand	2911	2911	A	G				4			2	2	2	2	97	19	98	19	0	2911
D3_KDC0070A_Thailand	2954	2954	A	G				3			2	1	2	1	97	4	97	4	0	2954
D3_KDC0070A_Thailand	2962	2962	C	T				3			2	1	2	1	96	4	97	4	0	2962
D3_KDC0070A_Thailand	3041	3041	T	C				3			2	1	2	1	88	4	88	4	0	3041
D3_KDC0070A_Thailand	3052	3052	A	G				3			2	1	2	1	85	3	85	4	0	3052
D3_KDC0070A_Thailand	3499	3499	T	C				4			3	1	3	1	18	115	18	115	0	3499
D3_KDC0070A_Thailand	3549	3549	T	C				11			7	4	7	4	336	154	337	154	0	3549
D3_KDC0070A_Thailand	3608	3608	A	G				15			6	9	6	9	320	212	322	212	0	3608
D3_KDC0070A_Thailand	3643	3643	C	T				12			7	5	7	5	308	245	308	247	0	3643
D3_KDC0070A_Thailand	3691	3691	C	T				12			7	5	7	5	282	249	283	259	0	3691
D3_KDC0070A_Thailand	3697	3697	C	T				10			6	4	6	4	263	94	267	94	0	3697
D3_KDC0070A_Thailand	3730	3730	G	-				10			4	6	4	6	252	129	256	133	0	3730
D3_KDC0070A_Thailand	3820	3820	A	G				9			3	6	3	6	174	279	175	281	0	3820
D3_KDC0070A_Thailand	3845	3845	A	G				9			3	6	3	6	146	282	146	287	0	3845
D3_KDC0070A_Thailand	3877	3877	T	C				10			3	7	3	7	129	310	130	311	0	3877
D3_KDC0070A_Thailand	3883	3883	G	A				12			3	9	3	9	108	316	108	317	0	3883
D3_KDC0070A_Thailand	3902	3902	T	C				12			3	9	3	9	63	323	64	324	0	3902
D3_KDC0070A_Thailand	3907	3907	A	G				12			3	9	3	9	59	327	59	327	0	3907
D3_KDC0070A_Thailand	3925	3925	-	T				23			0	12	3	20	0	38	32	370	0	3925
D3_KDC0070A_Thailand	3928	3928	A	G				23			3	9	3	20	13	333	13	370	0	3928
D3_KDC0070A_Thailand	3929	3930	TT	-				23			0	11	3	20	0	37	13	370	0	3929
D3_KDC0070A_Thailand	3956	3956	C	T				22			3	19	3	19	13	363	13	367	0	3956
D3_KDC0070A_Thailand	3986	3986	C	G				17			3	14	3	14	112	410	112	411	0	3986
D3_KDC0070A_Thailand	4031	4031	A	G				13			3	10	3	10	107	427	109	429	0	4031
D3_KDC0070A_Thailand	4058	4058	C	T				12			3	9	3	9	92	123	93	124	0	4058
D3_KDC0070A_Thailand	4087	4087	C	T				12			3	9	3	9	87	135	87	136	0	4087
D3_KDC0070A_Thailand	4092	4094	CCA	TC				10			3	7	3	7	74	128	74	128	0	4092
D3_KDC0070A_Thailand	4098	4098	A	G				9			2	6	3	6	59	127	73	127	0	4098
D3_KDC0070A_Thailand	4123	4123	A	G				8			3	4	3	5	64	128	64	129	0	4123
D3_KDC0070A_Thailand	4168	4168	C	T				9			5	4	5	4	60	148	60	152	0	4168
D3_KDC0070A_Thailand	4207	4207	G	A				9			6	3	6	3	54	154	54	155	0	4207
D3_KDC0070A_Thailand	4214	4214	T	C				9			6	3	6	3	52	154	52	155	0	4214
D3_KDC0070A_Thailand	4221	4221	C	T				9			6	3	6	3	52	155	52	155	0	4221
D3_KDC0070A_Thailand	4225	4225	T	C				9			6	3	6	3	49	154	49	155	0	4225
D3_KDC0070A_Thailand	4318	4318	T	C				7			3	4	3	4	16	35	16	35	0	4318
D3_KDC0070A_Thailand	4363	4363	G	A				15			4	7	5	10	196	109	205	132	0	4363
D3_KDC0070A_Thailand	4385	4385	T	C				17			6	10	6	11	204	132	206	140	0	4385
D3_KDC0070A_Thailand	4456	4456	A	G				8			2	5	3	5	193	144	200	147	0	4456
D3_KDC0070A_Thailand	4522	4522	T	C				15			8	7	8	7	193	181	197	200	0	4522
D3_KDC0070A_Thailand	4548	4548	-	A				20			8	12	8	12	171	223	172	223	0	4548
D3_KDC0070A_Thailand	4576	4576	G	A				24			10	13	10	14	341	272	344	284	0	4576
D3_KDC0070A_Thailand	4603	4603	A	G				23			9	13	10	13	307	297	320	303	0	4603
D3_KDC0070A_Thailand	4612	4612	G	A				24			10	14	10	14	315	341	316	343	0	4612
D3_KDC0070A_Thailand	4615	4615	G	A				24			10	14	10	14	309	331	314	344	0	4615
D3_KDC0070A_Thailand	4664	4664	T	C				28			14	13	14	14	303	475	304	491	0	4664
D3_KDC0070A_Thailand	4672	4672	T	C				28			14	14	14	14	288	504	289	504	0	4672
D3_KDC0070A_Thailand	4729	4729	T	C				18			9	9	9	9	167	378	167	378	0	4729
D3_KDC0070A_Thailand	4750	4750	C	T				19			9	10	9	10	140	396	142	399	0	4750
D3_KDC0070A_Thailand	4939	4939	T	G				14			7	7	7	7	250	506	250	506	0	4939
D3_KDC0070A_Thailand	4993	4993	G	A				13			6	7	6	7	238	504	239	506	0	4993
D3_KDC0070A_Thailand	5026	5026	A	G				7			2	5	2	5	217	26	221	26	0	5026
D3_KDC0070A_Thailand	5035	5035	G	A				7			2	5	2	5	214	26	221	26	0	5035
D3_KDC0070A_Thailand	5116	5116	T	C				7			1	6	1	6	188	34	189	34	0	5116
D3_KDC0070A_Thailand	5206	5206	A	G				6			2	4	2	4	119	65	119	76	0	5206
D3_KDC0070A_Thailand	5281	5281	T	C				6			3	3	3	3	68	164	69	164	0	5281
D3_KDC0070A_Thailand	5287	5287	A	G				6			3	3	3	3	68	163	68	165	0	5287
D3_KDC0070A_Thailand	5303	5303	T	C				6			3	3	3	3	60	169	60	171	0	5303
D3_KDC0070A_Thailand	5374	5374	C	T				3			1	2	1	2	2	185	2	187	0	5374
D3_KDC0070A_Thailand	5376	5376	C	T				3			1	2	1	2	1	187	1	187	0	5376
D3_KDC0070A_Thailand	5392	5392	C	T				6			1	2	1	5	1	184	1	194	0	5392
D3_KDC0070A_Thailand	5458	5458	T	A				9			4	5	4	5	378	218	379	219	0	5458
D3_KDC0070A_Thailand	5461	5461	T	C				9			4	5	4	5	378	217	379	219	0	5461
D3_KDC0070A_Thailand	5464	5464	G	T				9			4	5	4	5	375	215	376	219	0	5464
D3_KDC0070A_Thailand	5473	5473	C	T				8			4	4	4	4	371	215	372	218	0	5473
D3_KDC0070A_Thailand	5482	5482	C	T				9			6	2	6	3	369	214	369	217	0	5482
D3_KDC0070A_Thailand	5484	5485	CT	GC				9			6	3	6	3	365	214	368	217	0	5484
D3_KDC0070A_Thailand	5512	5512	T	C				15			12	3	12	3	366	250	370	251	0	5512
D3_KDC0070A_Thailand	5551	5551	C	T				4			3	1	3	1	331	123	334	124	0	5551
D3_KDC0070A_Thailand	5554	5554	G	C				4			3	1	3	1	333	123	333	125	0	5554
D3_KDC0070A_Thailand	5578	5578	C	T				4			2	1	3	1	315	130	317	135	0	5578
D3_KDC0070A_Thailand	5618	5618	C	T				3			2	1	2	1	267	185	268	186	0	5618
D3_KDC0070A_Thailand	5641	5641	T	C				3			2	1	2	1	228	215	228	216	0	5641
D3_KDC0070A_Thailand	5677	5677	C	T				3			2	1	2	1	150	279	150	281	0	5677
D3_KDC0070A_Thailand	5740	5740	T	C				3			2	1	2	1	66	320	66	322	0	5740
D3_KDC0070A_Thailand	5743	5746	TTTC	CTTT				3			2	1	2	1	62	325	65	327	0	5743
D3_KDC0070A_Thailand	5752	5752	G	A				3			2	1	2	1	56	329	58	333	0	5752
D3_KDC0070A_Thailand	5764	5764	T	C				3			2	1	2	1	39	327	39	336	0	5764
D3_KDC0070A_Thailand	5791	5791	A	G				5			1	3	2	3	14	359	16	361	0	5791
D3_KDC0070A_Thailand	5815	5815	A	G				5			2	3	2	3	14	367	14	369	0	5815
D3_KDC0070A_Thailand	5854	5854	C	T				5			2	2	3	2	6	400	7	403	0	5854
D3_KDC0070A_Thailand	5899	5899	G	A				15			3	11	4	11	125	494	130	508	0	5899
D3_KDC0070A_Thailand	5941	5941	T	C				17			3	13	4	13	128	533	129	536	0	5941
D3_KDC0070A_Thailand	5980	5980	A	G				9			0	9	0	9	100	163	100	163	0	5980
D3_KDC0070A_Thailand	5986	5986	C	T				9			0	9	0	9	97	164	97	164	0	5986
D3_KDC0070A_Thailand	6007	6007	C	T				8			1	7	1	7	84	164	85	164	0	6007
D3_KDC0070A_Thailand	6031	6031	G	A				7			1	6	1	6	82	162	82	162	0	6031
D3_KDC0070A_Thailand	6139	6139	C	T				6			3	3	3	3	73	182	73	183	0	6139
D3_KDC0070A_Thailand	6148	6148	C	A				6			3	3	3	3	70	182	72	183	0	6148
D3_KDC0070A_Thailand	6166	6166	C	T				8			5	3	5	3	45	184	45	188	0	6166
D3_KDC0070A_Thailand	6199	6199	T	C				13			3	1	8	5	52	35	307	197	0	6199
D3_KDC0070A_Thailand	6202	6202	C	T				13			8	5	8	5	305	196	307	197	0	6202
D3_KDC0070A_Thailand	6232	6232	G	A				12			5	3	9	3	264	11	289	11	0	6232
D3_KDC0070A_Thailand	6274	6274	C	T				6			4	1	4	2	254	49	254	50	0	6274
D3_KDC0070A_Thailand	6358	6358	C	T				9			4	5	4	5	229	210	233	213	0	6358
D3_KDC0070A_Thailand	6442	6442	G	A				12			6	6	6	6	167	330	167	330	0	6442
D3_KDC0070A_Thailand	6538	6538	A	G				18			7	9	9	9	53	391	121	392	0	6538
D3_KDC0070A_Thailand	6547	6547	T	C				18			9	9	9	9	105	394	105	394	0	6547
D3_KDC0070A_Thailand	6580	6580	A	G				22			12	10	12	10	93	421	94	421	0	6580
D3_KDC0070A_Thailand	6613	6613	T	A				22			12	10	12	10	89	431	91	434	0	6613
D3_KDC0070A_Thailand	6618	6618	T	C				21			11	6	11	10	87	427	87	435	0	6618
D3_KDC0070A_Thailand	6625	6625	C	T				19			11	8	11	8	86	432	86	433	0	6625
D3_KDC0070A_Thailand	6643	6643	T	C				15			9	6	9	6	77	433	77	434	0	6643
D3_KDC0070A_Thailand	6691	6691	T	C				15			8	7	8	7	54	428	55	436	0	6691
D3_KDC0070A_Thailand	6727	6727	A	G				5			2	3	2	3	33	33	33	33	0	6727
D3_KDC0070A_Thailand	6779	6779	C	A				7			2	5	2	5	26	71	26	73	0	6779
D3_KDC0070A_Thailand	6787	6787	G	A				7			2	5	2	5	23	74	23	74	0	6787
D3_KDC0070A_Thailand	6799	6799	T	C				7			2	5	2	5	20	75	20	75	0	6799
D3_KDC0070A_Thailand	6812	6812	T	C				4			1	3	1	3	15	77	15	77	0	6812
D3_KDC0070A_Thailand	6869	6869	T	C				4			1	3	1	3	4	82	4	82	0	6869
D3_KDC0070A_Thailand	6871	6871	T	A				4			1	3	1	3	4	79	4	82	0	6871
D3_KDC0070A_Thailand	6961	6961	C	T				15			6	9	6	9	306	124	306	124	0	6961
D3_KDC0070A_Thailand	7064	7064	C	T				13			7	6	7	6	260	163	263	163	0	7064
D3_KDC0070A_Thailand	7075	7075	G	A				14			7	7	7	7	261	181	262	182	0	7075
D3_KDC0070A_Thailand	7120	7120	C	T				14			7	7	7	7	245	225	246	227	0	7120
D3_KDC0070A_Thailand	7136	7136	C	T				13			7	6	7	6	239	235	240	239	0	7136
D3_KDC0070A_Thailand	7180	7180	C	T				11			6	5	6	5	218	290	218	291	0	7180
D3_KDC0070A_Thailand	7207	7207	A	G				10			5	5	5	5	165	309	165	316	0	7207
D3_KDC0070A_Thailand	7312	7312	C	T				7			3	4	3	4	30	385	30	386	0	7312
D3_KDC0070A_Thailand	7348	7348	G	A				5			1	4	1	4	1	387	1	392	0	7348
D3_KDC0070A_Thailand	7396	7396	A	G				9			3	6	3	6	270	418	275	422	0	7396
D3_KDC0070A_Thailand	7432	7432	-	G				10			4	6	4	6	265	422	266	424	0	7432
D3_KDC0070A_Thailand	7435	7435	T	C				6			3	3	3	3	257	13	259	13	0	7435
D3_KDC0070A_Thailand	7441	7441	T	C				6			3	3	3	3	257	13	259	13	0	7441
D3_KDC0070A_Thailand	7474	7474	T	C				6			3	3	3	3	260	51	261	51	0	7474
D3_KDC0070A_Thailand	7516	7516	T	C				5			3	2	3	2	234	101	234	101	0	7516
D3_KDC0070A_Thailand	7539	7539	G	A				5			3	2	3	2	217	118	221	121	0	7539
D3_KDC0070A_Thailand	7579	7579	A	G				6			4	2	4	2	191	136	195	143	0	7579
D3_KDC0070A_Thailand	7590	7590	G	A				6			4	2	4	2	186	152	190	153	0	7590
D3_KDC0070A_Thailand	7597	7597	C	T				6			4	2	4	2	180	179	182	180	0	7597
D3_KDC0070A_Thailand	7601	7601	C	T				6			4	2	4	2	179	179	180	182	0	7601
D3_KDC0070A_Thailand	7666	7666	T	C				7			5	2	5	2	148	259	148	259	0	7666
D3_KDC0070A_Thailand	7676	7676	T	C				7			5	2	5	2	84	267	84	267	0	7676
D3_KDC0070A_Thailand	7705	7705	T	C				7			5	2	5	2	73	291	73	292	0	7705
D3_KDC0070A_Thailand	7720	7720	C	T				6			4	2	4	2	47	293	48	294	0	7720
D3_KDC0070A_Thailand	7834	7834	C	T				13			9	4	9	4	398	365	401	370	0	7834
D3_KDC0070A_Thailand	7852	7852	T	C				13			8	5	8	5	399	387	399	388	0	7852
D3_KDC0070A_Thailand	7936	7936	C	T				7			2	5	2	5	334	100	335	100	0	7936
D3_KDC0070A_Thailand	7966	7966	C	T				8			2	6	2	6	326	143	326	143	0	7966
D3_KDC0070A_Thailand	8002	8002	T	C				7			2	4	2	5	297	154	300	160	0	8002
D3_KDC0070A_Thailand	8026	8026	C	T				10			4	6	4	6	294	219	294	220	0	8026
D3_KDC0070A_Thailand	8050	8050	G	A				9			4	5	4	5	261	223	264	225	0	8050
D3_KDC0070A_Thailand	8098	8098	T	C				8			3	5	3	5	220	358	225	358	0	8098
D3_KDC0070A_Thailand	8131	8131	G	A				8			3	5	3	5	182	396	182	397	0	8131
D3_KDC0070A_Thailand	8137	8137	A	G				8			3	5	3	5	161	400	161	400	0	8137
D3_KDC0070A_Thailand	8188	8188	T	C				9			3	6	3	6	133	457	133	457	0	8188
D3_KDC0070A_Thailand	8364	8364	G	A				5			2	3	2	3	34	321	34	325	0	8364
D3_KDC0070A_Thailand	8547	8547	C	T				11			0	9	2	9	0	42	18	43	0	8547
D3_KDC0070A_Thailand	8547	8547	-	A				11			0	9	2	9	0	42	18	43	0	8547
D3_KDC0070A_Thailand	8550	8550	T	-				11			0	9	2	9	0	42	18	43	0	8550
D3_KDC0070A_Thailand	8668	8668	T	C				7			3	4	3	4	190	108	190	108	0	8668
D3_KDC0070A_Thailand	8709	8709	A	G				6			2	4	2	4	177	118	177	118	0	8709
D3_KDC0070A_Thailand	8773	8773	T	C				5			3	2	3	2	147	121	151	126	0	8773
D3_KDC0070A_Thailand	8776	8779	CTTT	TTTC				5			3	2	3	2	149	127	151	127	0	8776
D3_KDC0070A_Thailand	8890	8890	T	C				14			6	8	6	8	203	195	205	196	0	8890
D3_KDC0070A_Thailand	9013	9013	T	C				6			4	2	4	2	73	129	73	129	0	9013
D3_KDC0070A_Thailand	9097	9097	G	A				6			4	2	4	2	59	140	60	142	0	9097
D3_KDC0070A_Thailand	9103	9103	C	T				6			4	2	4	2	58	142	58	144	0	9103
D3_KDC0070A_Thailand	9106	9106	C	T				6			4	2	4	2	56	142	57	144	0	9106
D3_KDC0070A_Thailand	9109	9109	T	C				6			4	2	4	2	57	146	57	146	0	9109
D3_KDC0070A_Thailand	9118	9118	C	T				6			4	2	4	2	55	150	55	150	0	9118
D3_KDC0070A_Thailand	9127	9127	C	T				7			5	2	5	2	50	151	50	152	0	9127
D3_KDC0070A_Thailand	9148	9148	C	T				7			5	2	5	2	42	151	43	155	0	9148
D3_KDC0070A_Thailand	9232	9232	A	G				13			9	4	9	4	200	239	201	240	0	9232
D3_KDC0070A_Thailand	9237	9237	G	A				12			8	4	8	4	200	238	200	240	0	9237
D3_KDC0070A_Thailand	9247	9247	T	C				12			8	4	8	4	196	243	196	243	0	9247
D3_KDC0070A_Thailand	9403	9403	G	A				5			2	3	2	3	145	174	145	179	0	9403
D3_KDC0070A_Thailand	9436	9436	A	G				7			4	3	4	3	118	187	118	187	0	9436
D3_KDC0070A_Thailand	9446	9446	G	A				7			4	3	4	3	114	190	114	191	0	9446
D3_KDC0070A_Thailand	9454	9454	C	T				7			4	3	4	3	78	192	81	192	0	9454
D3_KDC0070A_Thailand	9482	9482	T	C				7			4	3	4	3	39	198	39	207	0	9482
D3_KDC0070A_Thailand	9553	9553	T	C				9			5	4	5	4	237	355	238	357	0	9553
D3_KDC0070A_Thailand	9570	9570	A	G				9			5	4	5	4	228	360	228	361	0	9570
D3_KDC0070A_Thailand	9640	9640	G	T				8			4	4	4	4	182	59	186	59	0	9640
D3_KDC0070A_Thailand	9743	9743	T	C				5			2	3	2	3	146	198	147	198	0	9743
D3_KDC0070A_Thailand	9754	9754	G	A				5			2	3	2	3	142	204	142	205	0	9754
D3_KDC0070A_Thailand	9763	9763	T	C				5			2	3	2	3	125	208	125	209	0	9763
D3_KDC0070A_Thailand	9814	9814	C	T				8			5	3	5	3	130	294	133	295	0	9814
D3_KDC0070A_Thailand	9871	9871	T	C				11			8	3	8	3	305	322	305	322	0	9871
D3_KDC0070A_Thailand	9907	9910	CCCC	TCCT				12			8	4	8	4	268	351	269	352	0	9907
D3_KDC0070A_Thailand	10054	10054	G	A				4			2	2	2	2	166	142	166	143	0	10054
D3_KDC0070A_Thailand	10096	10096	T	C				4			2	2	2	2	146	178	146	178	0	10096
D3_KDC0070A_Thailand	10103	10103	G	A				4			2	2	2	2	141	177	141	178	0	10103
D3_KDC0070A_Thailand	10177	10177	A	G				10			5	5	5	5	240	206	240	206	0	10177
D3_KDC0070A_Thailand	10213	10213	A	G				10			5	5	5	5	216	218	216	220	0	10213
D3_KDC0070A_Thailand	10231	10231	A	G				10			4	5	5	5	180	227	182	230	0	10231
D3_KDC0070A_Thailand	10240	10240	C	T				10			5	4	5	5	168	229	173	231	0	10240
D3_KDC0070A_Thailand	10250	10250	A	G				10			5	5	5	5	170	240	170	240	0	10250
D3_KDC0070A_Thailand	10264	10265	AA	-				10			5	4	5	5	152	240	167	245	0	10264
D3_KDC0070A_Thailand	10332	10332	T	C				6			3	3	3	3	141	242	150	242	0	10332
D3_KDC0070A_Thailand	10372	10372	A	T				6			3	3	3	3	148	249	149	259	0	10372
D3_KDC0070A_Thailand	10573	10573	T	C				4			2	2	2	2	18	201	29	204	0	10573
