ver.	2
1	10665	2
08_06_2012_1_Ti-MID30_D84_140_Dengue3.sff
14076	4079650	0
14076	4079650	0
0	0	0	0	0	0	0
14076	171386	14564	14526	13926	0	0
25	145	223	388	448	628	779	828	831	949	7312	150	785	0
25	145	223	388	448	628	779	828	831	949	7312	150	785	0
452	1533	2106	2255	2404	1859	1179	688	413	234	218	0	0	0
452	1533	2106	2255	2404	1859	1179	688	413	234	218	0	0	0
0	0	0	0	0	0	0	0	0	0	0	0	0	0	0	0	0	0	0	0	0	0	0	0	0	0	0	0	0	0	0	0	0	0	0	0	0	0	0	0	0	0	0	0	0	0	0	0	0	0	3	8	8	8	11	3	10	6	9	17	13	11	24	14	20	24	21	16	17	16	9	17	15	14	20	10	10	16	9	4	13	10	11	18	26	13	13	12	13	16	18	12	11	15	7	18	12	12	13	21	18	21	13	16	11	11	15	24	10	12	19	13	22	19	23	15	10	18	28	20	15	16	10	11	52	45	28	24	29	16	13	8	25	11	21	15	14	19	10	20	19	16	22	20	11	13	23	9	18	15	26	26	34	28	17	13	11	20	30	17	17	19	27	25	7	22	20	15	20	16	16	21	29	34	21	13	17	22	21	17	17	24	16	16	9	13	15	19	15	18	10	25	10	22	20	11	10	15	12	12	11	4	18	12	17	18	17	17	20	16	16	28	31	21	15	21	27	33	33	30	31	30	36	36	42	31	43	32	31	24	22	33	41	22	21	33	37	26	42	61	38	44	44	42	34	59	37	27	39	52	31	30	37	23	40	29	37	58	27	33	36	32	41	49	35	52	52	43	27	20	40	42	43	42	68	64	57	73	107	82	96	63	44	52	50	39	54	50	53	53	58	57	42	60	35	35	81	47	61	57	50	64	49	74	61	53	65	87	101	60	52	49	48	48	42	38	56	49	59	45	94	82	52	42	52	68	73	52	57	35	64	41	74	57	33	55	41	63	39	42	25	32	48	69	42	39	46	49	33	43	31	60	33	65	43	52	44	52	37	59	54	50	45	56	43	45	50	37	43	48	45	38	53	57	48	43	35	57	49	49	42	29	37	42	102	36	38	37	45	55	26	46	32	29	34	33	39	48	53	35	28	42	34	57	76	74	61	42	43	20	44	18	24	19	17	32	32	47	42	46	27	26	23	17	28	18	13	25	38	22	22	27	23	28	43	26	36	35	26	24	40	30	35	29	27	23	29	22	24	31	31	23	30	16	17	20	20	25	33	23	6	9	8	3	5	9	15	9	5	8	4	6	2	4	1	0	1	0	0	0	1	1	0	0	0	1	0	0	0	0	0	0	0	0	0	0	0	0	2	0	1	0	0	0	0	0	0	1	0	0	0	0	0	0	0	0	0	0	0	0	0	0	0	0	0	0	0	0	0	0	0	0	0	0	0	0	0	0	0	0	0	0	0	0	0	0	0	0	0	0	0	0	0	0	0	0	0	0	0	0	0	0	0	0	0	0	0	0	0	0	0	0	0	0	0	0	0	0	0	0	0	0	0	0	0	0	0	0	0	0	0	0	0	0	0	0	0	0	0	0	0	0	0	0	0	0	0	0	0	0	0	0	0	0	0	0	0	0	0	0	0	0	0	0	0	0	0	0	0	0	0	0	0	0	0	0	0	0	0	0	0	0	0	0	0	0	0	0	0	0	0	0	0	0	0	0	0	0	0	0	0	0	0	0	0	0	0	0	0	0	0	0	0	0	0	0	0	0	0	0	0	0	0	0	0	0	0	0	0	0	0	0	0	0	0	0	0	0	0	0	0	0	0	0	0	0	0	0	0	0	0	0	0	0	0	0	0	0	0	0	0	0	0	0	0	0	0	0	0	0	0	0	0	0	0	0	0	0	0	0	0	0	0	0	0	0	0	0	0	0	0	0	0	0	0	0	0	0	0	0	0	0	0	0	0	0	0	0	0	0	0	0	0	0	0	0	0	0	0	0	0	0	0	0	0	0	0	0	0	0	0	0	0	0	0	0	0	0	0	0	0	0	0	0	0	0	0	0	0	0	0	0	0	0	0	0	0	0	0	0	0	0	0	0	0	0	0	0	0	0	0	0	0	0	0	0	0	0	0	0	0	0	0	0	0	0	0	0	0	0	0	0	0	0	0	0	0	0	0	0	0	0	0	0	0	0	0	0	0	0	0	0	0	0	0	0	0	0	0	0	0	0	0	0	0	0	0	0	0	0	0	0	0	0	0	0	0	0	0	0	0	0	0	0	0	0	0	0	0	0	0	0	0	0	0	0	0	0	0	0	0	0	0	0	0	0	0	0	0	0	0	0	0	0	0	0	0	0	0	0	0	0	0	0	0	0	0	0	0	0	0	0	0	0	0	0	0	0	0	0	0	0	0	0	0	0	0	0	0	0	0	0	0	0	0	0	0	0	0	0	0	0	0	0	0	0	0	0	0	0	0	0	0	0	0	0	0	0	0	0	0
0	0	0	0	0	0	0	0	0	0	0	0	0	0	0	0	0	0	0	0	0	0	0	0	0	0	0	0	0	0	0	0	0	0	0	0	0	0	0	0	0	0	0	0	0	0	0	0	0	0	3	8	8	8	11	3	10	6	9	17	13	11	24	14	20	24	21	16	17	16	9	17	15	14	20	10	10	16	9	4	13	10	11	18	26	13	13	12	13	16	18	12	11	15	7	18	12	12	13	21	18	21	13	16	11	11	15	24	10	12	19	13	22	19	23	15	10	18	28	20	15	16	10	11	52	45	28	24	29	16	13	8	25	11	21	15	14	19	10	20	19	16	22	20	11	13	23	9	18	15	26	26	34	28	17	13	11	20	30	17	17	19	27	25	7	22	20	15	20	16	16	21	29	34	21	13	17	22	21	17	17	24	16	16	9	13	15	19	15	18	10	25	10	22	20	11	10	15	12	12	11	4	18	12	17	18	17	17	20	16	16	28	31	21	15	21	27	33	33	30	31	30	36	36	42	31	43	32	31	24	22	33	41	22	21	33	37	26	42	61	38	44	44	42	34	59	37	27	39	52	31	30	37	23	40	29	37	58	27	33	36	32	41	49	35	52	52	43	27	20	40	42	43	42	68	64	57	73	107	82	96	63	44	52	50	39	54	50	53	53	58	57	42	60	35	35	81	47	61	57	50	64	49	74	61	53	65	87	101	60	52	49	48	48	42	38	56	49	59	45	94	82	52	42	52	68	73	52	57	35	64	41	74	57	33	55	41	63	39	42	25	32	48	69	42	39	46	49	33	43	31	60	33	65	43	52	44	52	37	59	54	50	45	56	43	45	50	37	43	48	45	38	53	57	48	43	35	57	49	49	42	29	37	42	102	36	38	37	45	55	26	46	32	29	34	33	39	48	53	35	28	42	34	57	76	74	61	42	43	20	44	18	24	19	17	32	32	47	42	46	27	26	23	17	28	18	13	25	38	22	22	27	23	28	43	26	36	35	26	24	40	30	35	29	27	23	29	22	24	31	31	23	30	16	17	20	20	25	33	23	6	9	8	3	5	9	15	9	5	8	4	6	2	4	1	0	1	0	0	0	1	1	0	0	0	1	0	0	0	0	0	0	0	0	0	0	0	0	2	0	1	0	0	0	0	0	0	1	0	0	0	0	0	0	0	0	0	0	0	0	0	0	0	0	0	0	0	0	0	0	0	0	0	0	0	0	0	0	0	0	0	0	0	0	0	0	0	0	0	0	0	0	0	0	0	0	0	0	0	0	0	0	0	0	0	0	0	0	0	0	0	0	0	0	0	0	0	0	0	0	0	0	0	0	0	0	0	0	0	0	0	0	0	0	0	0	0	0	0	0	0	0	0	0	0	0	0	0	0	0	0	0	0	0	0	0	0	0	0	0	0	0	0	0	0	0	0	0	0	0	0	0	0	0	0	0	0	0	0	0	0	0	0	0	0	0	0	0	0	0	0	0	0	0	0	0	0	0	0	0	0	0	0	0	0	0	0	0	0	0	0	0	0	0	0	0	0	0	0	0	0	0	0	0	0	0	0	0	0	0	0	0	0	0	0	0	0	0	0	0	0	0	0	0	0	0	0	0	0	0	0	0	0	0	0	0	0	0	0	0	0	0	0	0	0	0	0	0	0	0	0	0	0	0	0	0	0	0	0	0	0	0	0	0	0	0	0	0	0	0	0	0	0	0	0	0	0	0	0	0	0	0	0	0	0	0	0	0	0	0	0	0	0	0	0	0	0	0	0	0	0	0	0	0	0	0	0	0	0	0	0	0	0	0	0	0	0	0	0	0	0	0	0	0	0	0	0	0	0	0	0	0	0	0	0	0	0	0	0	0	0	0	0	0	0	0	0	0	0	0	0	0	0	0	0	0	0	0	0	0	0	0	0	0	0	0	0	0	0	0	0	0	0	0	0	0	0	0	0	0	0	0	0	0	0	0	0	0	0	0	0	0	0	0	0	0	0	0	0	0	0	0	0	0	0	0	0	0	0	0	0	0	0	0	0	0	0	0	0	0	0	0	0	0	0	0	0	0	0	0	0	0	0	0	0	0	0	0	0	0	0	0	0	0	0	0	0	0	0	0	0	0	0	0	0	0	0	0	0	0	0	0	0	0	0	0	0	0	0	0	0	0	0	0	0	0	0	0	0	0	0	0	0	0	0	0	0	0	0	0	0	0	0	0	0	0	0	0	0	0	0	0	0	0	0	0	0	0	0	0	0	0	0	0	0	0	0	0	0	0	0
0	0	0	0	0	0	0	0	0	0	0	0	0	0	0	0	0	0	0	0	0	0	0	0	0	0	0	0	0	0	0	0	0	0	0	3	0	0	0	0	4	0	1	0	0	0	3	4	6	0	3	9	14	13	11	3	11	28	11	18	15	12	26	14	22	25	20	16	18	19	13	22	15	26	21	10	10	17	6	7	9	9	13	20	26	13	14	14	11	15	19	12	12	20	7	18	12	7	12	13	17	19	15	16	14	10	15	25	9	13	18	15	22	21	22	9	10	19	28	21	14	14	9	9	54	50	32	29	26	9	15	8	23	9	17	14	14	19	12	13	15	17	21	18	12	13	25	10	21	18	26	28	34	27	17	12	12	19	29	20	16	27	19	20	7	24	22	17	21	17	21	27	30	34	22	12	15	21	19	21	14	24	21	31	10	14	18	18	16	16	9	25	11	24	23	13	10	15	10	12	8	6	18	15	19	19	16	19	17	16	19	39	28	26	15	21	31	41	43	31	33	30	34	39	40	21	35	30	28	25	25	28	35	19	19	35	30	25	30	61	33	44	44	39	32	61	40	59	40	48	28	29	36	25	41	29	35	60	28	33	36	31	37	46	30	51	49	44	26	18	37	40	42	42	66	62	56	73	107	82	93	62	43	51	48	39	52	50	52	53	55	55	41	57	35	33	82	47	60	56	44	61	47	72	61	53	62	84	70	56	51	48	46	47	40	38	56	48	60	46	94	85	53	45	52	75	78	68	62	37	65	41	76	58	32	54	39	63	41	46	38	48	54	74	42	46	48	61	69	54	36	63	33	64	42	56	50	57	56	63	60	56	46	55	43	43	47	32	42	43	42	37	53	56	46	41	34	56	48	48	37	27	31	40	103	30	33	32	39	44	23	35	27	23	31	27	36	44	51	35	25	37	29	36	53	63	55	41	40	18	44	17	24	19	17	31	31	39	33	43	26	27	23	17	29	19	16	28	38	22	21	27	24	28	43	26	37	35	26	25	38	31	35	28	27	23	29	22	24	31	30	26	34	17	16	20	13	21	31	18	5	8	8	3	4	9	15	9	5	8	4	7	2	4	1	0	1	0	0	0	0	1	0	0	0	1	0	0	0	0	0	0	0	0	0	0	0	0	2	0	1	0	0	0	0	0	0	1	0	0	0	0	0	0	0	0	0	0	0	0	0	0	0	0	0	0	0	0	0	0	0	0	0	0	0	0	0	0	0	0	0	0	0	0	0	0	0	0	0	0	0	0	0	0	0	0	0	0	0	0	0	0	0	0	0	0	0	0	0	0	0	0	0	0	0	0	0	0	0	0	0	0	0	0	0	0	0	0	0	0	0	0	0	0	0	0	0	0	0	0	0	0	0	0	0	0	0	0	0	0	0	0	0	0	0	0	0	0	0	0	0	0	0	0	0	0	0	0	0	0	0	0	0	0	0	0	0	0	0	0	0	0	0	0	0	0	0	0	0	0	0	0	0	0	0	0	0	0	0	0	0	0	0	0	0	0	0	0	0	0	0	0	0	0	0	0	0	0	0	0	0	0	0	0	0	0	0	0	0	0	0	0	0	0	0	0	0	0	0	0	0	0	0	0	0	0	0	0	0	0	0	0	0	0	0	0	0	0	0	0	0	0	0	0	0	0	0	0	0	0	0	0	0	0	0	0	0	0	0	0	0	0	0	0	0	0	0	0	0	0	0	0	0	0	0	0	0	0	0	0	0	0	0	0	0	0	0	0	0	0	0	0	0	0	0	0	0	0	0	0	0	0	0	0	0	0	0	0	0	0	0	0	0	0	0	0	0	0	0	0	0	0	0	0	0	0	0	0	0	0	0	0	0	0	0	0	0	0	0	0	0	0	0	0	0	0	0	0	0	0	0	0	0	0	0	0	0	0	0	0	0	0	0	0	0	0	0	0	0	0	0	0	0	0	0	0	0	0	0	0	0	0	0	0	0	0	0	0	0	0	0	0	0	0	0	0	0	0	0	0	0	0	0	0	0	0	0	0	0	0	0	0	0	0	0	0	0	0	0	0	0	0	0	0	0	0	0	0	0	0	0	0	0	0	0	0	0	0	0	0	0	0	0	0	0	0	0	0	0	0	0	0	0	0	0	0	0	0	0	0	0	0	0	0	0	0	0	0	0	0	0	0	0	0	0	0	0	0	0	0	0	0	0	0	0	0	0	0	0	0	0	0	0	0	0	0	0	0	0	0	0	0	0	0	0	0	0	0	0	0	0	0	0	0	0	0	0	0	0	0	0
0	0	0	0	0	0	0	0	0	0	0	0	0	0	0	0	0	0	0	0	0	0	0	0	0	0	0	0	0	0	0	0	0	0	0	3	0	0	0	0	4	0	1	0	0	0	3	4	6	0	3	9	14	13	11	3	11	28	11	18	15	12	26	14	22	25	20	16	18	19	13	22	15	26	21	10	10	17	6	7	9	9	13	20	26	13	14	14	11	15	19	12	12	20	7	18	12	7	12	13	17	19	15	16	14	10	15	25	9	13	18	15	22	21	22	9	10	19	28	21	14	14	9	9	54	50	32	29	26	9	15	8	23	9	17	14	14	19	12	13	15	17	21	18	12	13	25	10	21	18	26	28	34	27	17	12	12	19	29	20	16	27	19	20	7	24	22	17	21	17	21	27	30	34	22	12	15	21	19	21	14	24	21	31	10	14	18	18	16	16	9	25	11	24	23	13	10	15	10	12	8	6	18	15	19	19	16	19	17	16	19	39	28	26	15	21	31	41	43	31	33	30	34	39	40	21	35	30	28	25	25	28	35	19	19	35	30	25	30	61	33	44	44	39	32	61	40	59	40	48	28	29	36	25	41	29	35	60	28	33	36	31	37	46	30	51	49	44	26	18	37	40	42	42	66	62	56	73	107	82	93	62	43	51	48	39	52	50	52	53	55	55	41	57	35	33	82	47	60	56	44	61	47	72	61	53	62	84	70	56	51	48	46	47	40	38	56	48	60	46	94	85	53	45	52	75	78	68	62	37	65	41	76	58	32	54	39	63	41	46	38	48	54	74	42	46	48	61	69	54	36	63	33	64	42	56	50	57	56	63	60	56	46	55	43	43	47	32	42	43	42	37	53	56	46	41	34	56	48	48	37	27	31	40	103	30	33	32	39	44	23	35	27	23	31	27	36	44	51	35	25	37	29	36	53	63	55	41	40	18	44	17	24	19	17	31	31	39	33	43	26	27	23	17	29	19	16	28	38	22	21	27	24	28	43	26	37	35	26	25	38	31	35	28	27	23	29	22	24	31	30	26	34	17	16	20	13	21	31	18	5	8	8	3	4	9	15	9	5	8	4	7	2	4	1	0	1	0	0	0	0	1	0	0	0	1	0	0	0	0	0	0	0	0	0	0	0	0	2	0	1	0	0	0	0	0	0	1	0	0	0	0	0	0	0	0	0	0	0	0	0	0	0	0	0	0	0	0	0	0	0	0	0	0	0	0	0	0	0	0	0	0	0	0	0	0	0	0	0	0	0	0	0	0	0	0	0	0	0	0	0	0	0	0	0	0	0	0	0	0	0	0	0	0	0	0	0	0	0	0	0	0	0	0	0	0	0	0	0	0	0	0	0	0	0	0	0	0	0	0	0	0	0	0	0	0	0	0	0	0	0	0	0	0	0	0	0	0	0	0	0	0	0	0	0	0	0	0	0	0	0	0	0	0	0	0	0	0	0	0	0	0	0	0	0	0	0	0	0	0	0	0	0	0	0	0	0	0	0	0	0	0	0	0	0	0	0	0	0	0	0	0	0	0	0	0	0	0	0	0	0	0	0	0	0	0	0	0	0	0	0	0	0	0	0	0	0	0	0	0	0	0	0	0	0	0	0	0	0	0	0	0	0	0	0	0	0	0	0	0	0	0	0	0	0	0	0	0	0	0	0	0	0	0	0	0	0	0	0	0	0	0	0	0	0	0	0	0	0	0	0	0	0	0	0	0	0	0	0	0	0	0	0	0	0	0	0	0	0	0	0	0	0	0	0	0	0	0	0	0	0	0	0	0	0	0	0	0	0	0	0	0	0	0	0	0	0	0	0	0	0	0	0	0	0	0	0	0	0	0	0	0	0	0	0	0	0	0	0	0	0	0	0	0	0	0	0	0	0	0	0	0	0	0	0	0	0	0	0	0	0	0	0	0	0	0	0	0	0	0	0	0	0	0	0	0	0	0	0	0	0	0	0	0	0	0	0	0	0	0	0	0	0	0	0	0	0	0	0	0	0	0	0	0	0	0	0	0	0	0	0	0	0	0	0	0	0	0	0	0	0	0	0	0	0	0	0	0	0	0	0	0	0	0	0	0	0	0	0	0	0	0	0	0	0	0	0	0	0	0	0	0	0	0	0	0	0	0	0	0	0	0	0	0	0	0	0	0	0	0	0	0	0	0	0	0	0	0	0	0	0	0	0	0	0	0	0	0	0	0	0	0	0	0	0	0	0	0	0	0	0	0	0	0	0	0	0	0	0	0	0	0	0	0	0	0	0	0	0	0	0
35	174	270	419	478	670	823	913	902	1004	1013	1073	977	864	771	670	537	452	345	277	192	139	94	79	47	41	35	18	9	6	5	4	0	0	1	0	1	0	0	0	0	0	1	0	0	0	0	0	0	0	0	0	1	0	0	0	0	0	1	0	0	0	0	0	0	0	0	0	0	0	0	0	0	0	0	0	0	0	0	0	0	0	0	0	0	0	0	0	0	0	0	0	0	0	0	0	0	0	0	0	0	0	0	0	0	0	0	0	0	0	0	0	0	0	0	0	0	0	0	0	0	0	0	0	0	0	0	0	0	0	0	0	0	0	0	0	0	0	0	0	0	0	0	0	0	0	0	0	0	0	0	0	0	0	0	0	0	0	0	0	0	0	0	0	0	0	0	0	0	0	0	0	0	0	0	0	0	0	0	0	0	0	0	0	0	0	0	0	0	0	0	0	0	0	0	0	0	0	0	0	0	0	0	0	0	0	0	0	0	0	0	0	0	0	0	0	0	0	0	0	0	0	0	0	0	0	0	0	0	0	0	0	0	0	0	0	0	0	0	0	0	0	0	0	0	0	0	0	0	0	0	0	0	0	0	0	0	0	0	0	0	0	0	0	0	0	0	0	0	0	0	0	0	0	0	0	0	0	0	0	0	0	0	0	0	0	0	0	0	0	0	0	0	0	0	0	0	0	0	0	0	0	0	0	0	0	0	0	0	0	0	0	0	0	0	0	0	0	0	0	0	0	0	0	0	0	0	0	0	0	0	0	0	0	0	0	0	0	0	0	0	0	0	0	0	0	0	0	0	0	0	0	0	0	0	0	0	0	0	0	0	0	0	0	0	0	0	0	0	0	0	0	0	0	0	0	0	0	0	0	0	0	0	0	0	0	0	0	0	0	0	0	0	0	0	0	0	0	0	0	0	0	0	0	0	0	0	0	0	0	0	0	0	0	0	0	0	0	0	0	0	0	0	0	0	0	0	0	0	0	0	0	0	0	0	0	0	0	0	0	0	0	0	0	0	0	0	0	0	0	0	0	0	0	0	0	0	0	0	0	0	0	0	0	0	0	0	0	0	0	0	0	0	0	0	0	0	0	0	0	0	0	0	0	0	0	0	0	0	0	0	0	0	0	0	0	0	0	0	0	0	0	0	0	0	0	0	0	0	0	0	0	0	0	0	0	0	0	0	0	0	0	0	0	0	0	0	0	0	0	0	0	0	0	0	0	0	0	0	0	0	0	0	0	0	0	0	0	0	0	0	0	0	0	0	0	0	0	0	0	0	0	0	0	0	0	0	0	0	0	0	0	0	0	0	0	0	0	0	0	0	0	0	0	0	0	0	0	0	0	0	0	0	0	0	0	0	0	0	0	0	0	0	0	0	0	0	0	0	0	0	0	0	0	0	0	0	0	0	0	0	0	0	0	0	0	0	0	0	0	0	0	0	0	0	0	0	0	0	0	0	0	0	0	0	0	0	0	0	0	0	0	0	0	0	0	0	0	0	0	0	0	0	0	0	0	0	0	0	0	0	0	0	0	0	0	0	0	0	0	0	0	0	0	0	0	0	0	0	0	0	0	0	0	0	0	0	0	0	0	0	0	0	0	0	0	0	0	0	0	0	0	0	0	0	0	0	0	0	0	0	0	0	0	0	0	0	0	0	0	0	0	0	0	0	0	0	0	0	0	0	0	0	0	0	0	0	0	0	0	0	0	0	0	0	0	0	0	0	0	0	0	0	0	0	0	0	0	0	0	0	0	0	0	0	0	0	0	0	0	0	0	0	0	0	0	0	0	0	0	0	0	0	0	0	0	0	0	0	0	0	0	0	0	0	0	0	0	0	0	0	0	0	0	0	0	0	0	0	0	0	0	0	0	0	0	0	0	0	0	0	0	0	0	0	0	0	0	0	0	0	0	0	0	0	0	0	0	0	0	0	0	0	0	0	0	0	0	0	0	0	0	0	0	0	0	0	0	0	0	0	0	0	0	0	0	0	0	0	0	0	0	0	0	0	0	0	0	0	0	0	0	0	0	0	0	0	0	0	0	0	0	0	0	0	0	0	0	0	0	0	0	0	0	0	0	0	0	0	0	0	0	0	0	0	0	0	0	0	0	0	0	0	0	0	0	0	0	0	0	0	0	0	0	0	0	0	0	0	0	0	0	0	0	0	0	0	0	0	0	0	0	0	0	0	0	0	0	0	0	0	0	0	0	0	0	0	0	0	0	0	0	0	0	0	0	0	0	0	0	0	0	0	0	0	0	0	0	0	0	0
35	174	270	419	478	670	823	913	902	1004	1013	1073	977	864	771	670	537	452	345	277	192	139	94	79	47	41	35	18	9	6	5	4	0	0	1	0	1	0	0	0	0	0	1	0	0	0	0	0	0	0	0	0	1	0	0	0	0	0	1	0	0	0	0	0	0	0	0	0	0	0	0	0	0	0	0	0	0	0	0	0	0	0	0	0	0	0	0	0	0	0	0	0	0	0	0	0	0	0	0	0	0	0	0	0	0	0	0	0	0	0	0	0	0	0	0	0	0	0	0	0	0	0	0	0	0	0	0	0	0	0	0	0	0	0	0	0	0	0	0	0	0	0	0	0	0	0	0	0	0	0	0	0	0	0	0	0	0	0	0	0	0	0	0	0	0	0	0	0	0	0	0	0	0	0	0	0	0	0	0	0	0	0	0	0	0	0	0	0	0	0	0	0	0	0	0	0	0	0	0	0	0	0	0	0	0	0	0	0	0	0	0	0	0	0	0	0	0	0	0	0	0	0	0	0	0	0	0	0	0	0	0	0	0	0	0	0	0	0	0	0	0	0	0	0	0	0	0	0	0	0	0	0	0	0	0	0	0	0	0	0	0	0	0	0	0	0	0	0	0	0	0	0	0	0	0	0	0	0	0	0	0	0	0	0	0	0	0	0	0	0	0	0	0	0	0	0	0	0	0	0	0	0	0	0	0	0	0	0	0	0	0	0	0	0	0	0	0	0	0	0	0	0	0	0	0	0	0	0	0	0	0	0	0	0	0	0	0	0	0	0	0	0	0	0	0	0	0	0	0	0	0	0	0	0	0	0	0	0	0	0	0	0	0	0	0	0	0	0	0	0	0	0	0	0	0	0	0	0	0	0	0	0	0	0	0	0	0	0	0	0	0	0	0	0	0	0	0	0	0	0	0	0	0	0	0	0	0	0	0	0	0	0	0	0	0	0	0	0	0	0	0	0	0	0	0	0	0	0	0	0	0	0	0	0	0	0	0	0	0	0	0	0	0	0	0	0	0	0	0	0	0	0	0	0	0	0	0	0	0	0	0	0	0	0	0	0	0	0	0	0	0	0	0	0	0	0	0	0	0	0	0	0	0	0	0	0	0	0	0	0	0	0	0	0	0	0	0	0	0	0	0	0	0	0	0	0	0	0	0	0	0	0	0	0	0	0	0	0	0	0	0	0	0	0	0	0	0	0	0	0	0	0	0	0	0	0	0	0	0	0	0	0	0	0	0	0	0	0	0	0	0	0	0	0	0	0	0	0	0	0	0	0	0	0	0	0	0	0	0	0	0	0	0	0	0	0	0	0	0	0	0	0	0	0	0	0	0	0	0	0	0	0	0	0	0	0	0	0	0	0	0	0	0	0	0	0	0	0	0	0	0	0	0	0	0	0	0	0	0	0	0	0	0	0	0	0	0	0	0	0	0	0	0	0	0	0	0	0	0	0	0	0	0	0	0	0	0	0	0	0	0	0	0	0	0	0	0	0	0	0	0	0	0	0	0	0	0	0	0	0	0	0	0	0	0	0	0	0	0	0	0	0	0	0	0	0	0	0	0	0	0	0	0	0	0	0	0	0	0	0	0	0	0	0	0	0	0	0	0	0	0	0	0	0	0	0	0	0	0	0	0	0	0	0	0	0	0	0	0	0	0	0	0	0	0	0	0	0	0	0	0	0	0	0	0	0	0	0	0	0	0	0	0	0	0	0	0	0	0	0	0	0	0	0	0	0	0	0	0	0	0	0	0	0	0	0	0	0	0	0	0	0	0	0	0	0	0	0	0	0	0	0	0	0	0	0	0	0	0	0	0	0	0	0	0	0	0	0	0	0	0	0	0	0	0	0	0	0	0	0	0	0	0	0	0	0	0	0	0	0	0	0	0	0	0	0	0	0	0	0	0	0	0	0	0	0	0	0	0	0	0	0	0	0	0	0	0	0	0	0	0	0	0	0	0	0	0	0	0	0	0	0	0	0	0	0	0	0	0	0	0	0	0	0	0	0	0	0	0	0	0	0	0	0	0	0	0	0	0	0	0	0	0	0	0	0	0	0	0	0	0	0	0	0	0	0	0	0	0	0	0	0	0	0	0	0	0	0	0	0	0	0	0	0	0	0	0	0	0	0	0	0	0	0	0	0	0	0	0	0	0	0	0	0	0	0	0	0	0	0	0	0	0	0	0	0	0	0	0	0	0	0	0	0	0	0	0	0	0	0	0	0	0	0	0	0	0	0	0	0	0	0	0	0	0	0	0	0	0	0	0
13082	13085	13086	13087	13088	13104	13104	13107	13111	13116	13131	13133	13138	13140	13155	13215	13229	13236	13241	13244	13246	13266	13270	13270	13273	13278	13282	13282	13282	13282	13285	13291	13304	13308	13308	13312	13323	13324	13325	13327	13329	13330	13331	13331	13331	13331	13328	13328	13328	13327	13324	13318	13310	13301	13290	13288	13280	13254	13244	13226	13211	13195	13171	13157	13136	13112	13092	13077	13059	13041	13028	13006	12991	12967	12945	12936	12926	12909	12903	12895	12882	12873	12858	12837	12803	12789	12776	12759	12746	12730	12712	12699	12687	12672	12666	12648	12636	12628	12616	12603	12587	12568	12554	12538	12525	12516	12501	12477	12462	12449	12430	12416	12394	12374	12351	12341	12330	12310	12283	12262	12248	12234	12225	12215	12162	12112	12080	12055	12029	12020	12005	11997	11974	11964	11947	11933	11919	11900	11888	11875	11860	11843	11823	11804	11792	11779	11757	11747	11729	11713	11687	11659	11625	11598	11581	11570	11558	11539	11510	11488	11470	11442	11423	11402	11396	11376	11355	11339	11318	11301	11279	11251	11221	11186	11164	11152	11137	11116	11097	11076	11060	11036	11016	10988	10976	10956	10940	10921	10905	10888	10878	10853	10841	10817	10793	10780	10766	10750	10738	10726	10719	10713	10695	10680	10660	10643	10627	10609	10592	10576	10559	10521	10493	10466	10455	10433	10406	10374	10337	10305	10271	10239	10206	10173	10133	10112	10072	10040	10012	9988	9963	9933	9892	9870	9849	9815	9786	9761	9732	9671	9638	9594	9551	9510	9473	9411	9377	9352	9314	9265	9236	9207	9170	9147	9107	9079	9043	8986	8960	8927	8890	8857	8782	8733	8703	8651	8602	8557	8531	8512	8474	8431	8388	8346	8280	8216	8160	8087	7980	7898	7804	7742	7698	7646	7597	7558	7506	7456	7404	7351	7296	7241	7200	7143	7108	7075	6993	6946	6886	6830	6787	6726	6679	6607	6546	6493	6431	6348	6278	6221	6170	6122	6076	6029	5989	5951	5895	5847	5787	5741	5649	5566	5513	5468	5416	5341	5263	5196	5134	5097	5032	4991	4916	4858	4825	4771	4731	4668	4627	4580	4542	4494	4440	4366	4324	4278	4230	4169	4100	4046	4010	3947	3914	3848	3805	3750	3701	3643	3587	3524	3464	3408	3362	3307	3264	3221	3173	3141	3099	3056	3014	2977	2924	2868	2822	2781	2747	2691	2643	2595	2558	2532	2501	2461	2359	2329	2296	2263	2224	2179	2156	2121	2094	2070	2039	2012	1976	1932	1881	1846	1821	1784	1755	1719	1666	1602	1547	1506	1466	1448	1404	1387	1363	1344	1327	1296	1265	1226	1193	1150	1124	1097	1074	1057	1028	1009	993	965	927	905	884	857	834	806	763	737	700	665	639	614	575	544	509	481	454	431	402	380	356	325	295	269	235	218	202	182	169	148	117	99	94	86	78	75	71	62	47	38	33	25	21	14	12	8	7	7	6	6	6	6	6	5	5	5	5	4	4	4	4	4	4	4	4	4	4	4	4	4	2	2	1	1	1	1	1	1	1	0	0	0	0	0	0	0	0	0	0	0	0	0	0	0	0	0	0	0	0	0	0	0	0	0	0	0	0	0	0	0	0	0	0	0	0	0	0	0	0	0	0	0	0	0	0	0	0	0	0	0	0	0	0	0	0	0	0	0	0	0	0	0	0	0	0	0	0	0	0	0	0	0	0	0	0	0	0	0	0	0	0	0	0	0	0	0	0	0	0	0	0	0	0	0	0	0	0	0	0	0	0	0	0	0	0	0	0	0	0	0	0	0	0	0	0	0	0	0	0	0	0	0	0	0	0	0	0	0	0	0	0	0	0	0	0	0	0	0	0	0	0	0	0	0	0	0	0	0	0	0	0	0	0	0	0	0	0	0	0	0	0	0	0	0	0	0	0	0	0	0	0	0	0	0	0	0	0	0	0	0	0	0	0	0	0	0	0	0	0	0	0	0	0	0	0	0	0	0	0	0	0	0	0	0	0	0	0	0	0	0	0	0	0	0	0	0	0	0	0	0	0	0	0	0	0	0	0	0	0	0	0	0	0	0	0	0	0	0	0	0	0	0	0	0	0	0	0	0	0	0	0	0	0	0	0	0	0	0	0	0	0	0	0	0	0	0	0	0	0	0	0	0	0	0	0	0	0	0	0	0	0	0	0	0	0	0	0	0	0	0	0	0	0	0	0	0	0	0	0	0	0	0	0	0	0	0	0	0	0	0	0	0	0	0	0	0	0	0	0	0	0	0	0	0	0	0	0	0	0	0	0	0	0	0	0	0	0	0	0	0	0	0	0	0	0	0	0	0	0	0	0	0	0	0	0	0	0	0	0	0	0	0	0	0	0	0	0	0	0	0	0	0	0	0	0	0	0	0	0	0	0	0	0	0	0	0	0	0	0	0	0	0	0	0	0	0	0	0	0	0	0	0	0	0	0	0	0	0	0	0	0	0	0	0	0	0	0	0	0	0	0	0	0	0	0	0	0	0	0	0	0	0	0	0	0	0	0	0	0	0	0	0	0	0	0	0	0	0	0	0	0	0	0	0	0	0	0	0	0	0	0	0	0	0	0	0	0	0	0	0	0	0	0	0	0	0	0	0	0	0	0	0	0	0	0	0	0	0	0	0	0	0	0
13082	13085	13086	13087	13088	13104	13104	13107	13111	13116	13131	13133	13138	13140	13155	13215	13229	13236	13241	13244	13246	13266	13270	13270	13273	13278	13282	13282	13282	13282	13285	13291	13304	13308	13308	13312	13323	13324	13325	13327	13329	13330	13331	13331	13331	13331	13328	13328	13328	13327	13324	13318	13310	13301	13290	13288	13280	13254	13244	13226	13211	13195	13171	13157	13136	13112	13092	13077	13059	13041	13028	13006	12991	12967	12945	12936	12926	12909	12903	12895	12882	12873	12858	12837	12803	12789	12776	12759	12746	12730	12712	12699	12687	12672	12666	12648	12636	12628	12616	12603	12587	12568	12554	12538	12525	12516	12501	12477	12462	12449	12430	12416	12394	12374	12351	12341	12330	12310	12283	12262	12248	12234	12225	12215	12162	12112	12080	12055	12029	12020	12005	11997	11974	11964	11947	11933	11919	11900	11888	11875	11860	11843	11823	11804	11792	11779	11757	11747	11729	11713	11687	11659	11625	11598	11581	11570	11558	11539	11510	11488	11470	11442	11423	11402	11396	11376	11355	11339	11318	11301	11279	11251	11221	11186	11164	11152	11137	11116	11097	11076	11060	11036	11016	10988	10976	10956	10940	10921	10905	10888	10878	10853	10841	10817	10793	10780	10766	10750	10738	10726	10719	10713	10695	10680	10660	10643	10627	10609	10592	10576	10559	10521	10493	10466	10455	10433	10406	10374	10337	10305	10271	10239	10206	10173	10133	10112	10072	10040	10012	9988	9963	9933	9892	9870	9849	9815	9786	9761	9732	9671	9638	9594	9551	9510	9473	9411	9377	9352	9314	9265	9236	9207	9170	9147	9107	9079	9043	8986	8960	8927	8890	8857	8782	8733	8703	8651	8602	8557	8531	8512	8474	8431	8388	8346	8280	8216	8160	8087	7980	7898	7804	7742	7698	7646	7597	7558	7506	7456	7404	7351	7296	7241	7200	7143	7108	7075	6993	6946	6886	6830	6787	6726	6679	6607	6546	6493	6431	6348	6278	6221	6170	6122	6076	6029	5989	5951	5895	5847	5787	5741	5649	5566	5513	5468	5416	5341	5263	5196	5134	5097	5032	4991	4916	4858	4825	4771	4731	4668	4627	4580	4542	4494	4440	4366	4324	4278	4230	4169	4100	4046	4010	3947	3914	3848	3805	3750	3701	3643	3587	3524	3464	3408	3362	3307	3264	3221	3173	3141	3099	3056	3014	2977	2924	2868	2822	2781	2747	2691	2643	2595	2558	2532	2501	2461	2359	2329	2296	2263	2224	2179	2156	2121	2094	2070	2039	2012	1976	1932	1881	1846	1821	1784	1755	1719	1666	1602	1547	1506	1466	1448	1404	1387	1363	1344	1327	1296	1265	1226	1193	1150	1124	1097	1074	1057	1028	1009	993	965	927	905	884	857	834	806	763	737	700	665	639	614	575	544	509	481	454	431	402	380	356	325	295	269	235	218	202	182	169	148	117	99	94	86	78	75	71	62	47	38	33	25	21	14	12	8	7	7	6	6	6	6	6	5	5	5	5	4	4	4	4	4	4	4	4	4	4	4	4	4	2	2	1	1	1	1	1	1	1	0	0	0	0	0	0	0	0	0	0	0	0	0	0	0	0	0	0	0	0	0	0	0	0	0	0	0	0	0	0	0	0	0	0	0	0	0	0	0	0	0	0	0	0	0	0	0	0	0	0	0	0	0	0	0	0	0	0	0	0	0	0	0	0	0	0	0	0	0	0	0	0	0	0	0	0	0	0	0	0	0	0	0	0	0	0	0	0	0	0	0	0	0	0	0	0	0	0	0	0	0	0	0	0	0	0	0	0	0	0	0	0	0	0	0	0	0	0	0	0	0	0	0	0	0	0	0	0	0	0	0	0	0	0	0	0	0	0	0	0	0	0	0	0	0	0	0	0	0	0	0	0	0	0	0	0	0	0	0	0	0	0	0	0	0	0	0	0	0	0	0	0	0	0	0	0	0	0	0	0	0	0	0	0	0	0	0	0	0	0	0	0	0	0	0	0	0	0	0	0	0	0	0	0	0	0	0	0	0	0	0	0	0	0	0	0	0	0	0	0	0	0	0	0	0	0	0	0	0	0	0	0	0	0	0	0	0	0	0	0	0	0	0	0	0	0	0	0	0	0	0	0	0	0	0	0	0	0	0	0	0	0	0	0	0	0	0	0	0	0	0	0	0	0	0	0	0	0	0	0	0	0	0	0	0	0	0	0	0	0	0	0	0	0	0	0	0	0	0	0	0	0	0	0	0	0	0	0	0	0	0	0	0	0	0	0	0	0	0	0	0	0	0	0	0	0	0	0	0	0	0	0	0	0	0	0	0	0	0	0	0	0	0	0	0	0	0	0	0	0	0	0	0	0	0	0	0	0	0	0	0	0	0	0	0	0	0	0	0	0	0	0	0	0	0	0	0	0	0	0	0	0	0	0	0	0	0	0	0	0	0	0	0	0	0	0	0	0	0	0	0	0	0	0	0	0	0	0	0	0	0	0	0	0	0	0	0	0	0	0	0	0	0	0	0	0	0	0	0	0	0	0	0	0	0	0	0	0	0	0	0	0	0	0	0	0	0	0	0	0	0	0	0	0	0	0	0	0	0	0	0	0	0	0	0	0	0	0	0	0	0	0	0	0	0	0	0	0	0	0	0	0	0	0	0	0	0	0	0	0	0	0	0	0
68	54	975	704	708	1393	849	112	668	692	425	427	613	449	926	238	2150	792	515	546	948	1178	292	949	456	1186	773	168	491	909	321	237	597	105	547	375	131	499	300	388	543	755	126	127	527	432	106	1006	306	373	506	319	1004	467	501	1062	517	393	1033	360	161	660	924	844	566	518	637	278	557	205	967	543	708	364	766	300	155	729	198	737	467	773	997	487	132	325	100	102	156	997	998	541	457	188	358	180	335	138	348	596	487	137	131	496	174	94	202	430	400	391	100	111	269	409	296	763	335	482	333	464	352	246	412	282	103	526	356	167	664	759	324	506	349	354	719	425	833	198	298	299	430	266	109	444	546	535	391	335	1096	648	302	617	206	643	226	348	137	524	338	423	781	567	239	137	183	396	570	236	555	195	108	298	501	337	514	619	145	142	195	239	401	250	157	198	569	170	106	148	253	142	690	621	625	450	386	203	379	961	277	680	193	476	168	297	1072	372	370	260	109	188	136	439	482	160	248	337	567	509	196	223	526	433	438	322	165	374	187	313	217	440	700	359	217	548	336	193	130	154	482	393	177	451	238	188	185	324	243	232	386	126	222	460	761	525	501	238	489	582	383	209	351	505	301	429	155	100	110	498	387	191	396	862	458	520	343	188	299	644	543	141	166	134	228	108	119	242	116	107	80	70	72	147	276	212	191	272	341	339	470	283	237	602	226	298	133	132	204	443	180	172	297	208	136	259	213	208	287	294	175	427	315	176	276	134	110	256	279	343	201	180	300	203	166	136	142	90	199	416	414	190	137	167	161	143	176	272	181	139	161	121	135	143	264	263	311	127	57	92	222	141	181	132	236	105	147	191	203	150	113	144	79	86	88	221	80	62	75	92	121	89	90	100	100	109	153	96	86	135	112	104	167	112	89	126	147	76	51	59	64	100	86	103	69	64	55	79	56	35	49	47	38	37	16	20	16	21	32	19	27	40	33	48	32	27	30	25	44	43	36	19	12	21	31	25	16	18	7	9	11	16	17	21	30	37	12	4	6	1	8	10	13	5	4	5	1	3	3	3	2	3	2	5	3	4	7	6	4	3	4	0	3	2	2	1	1	1	0	1	0	1	2	0	1	1	0	0	0	0	0	1	0	0	0	0	0	0	0	0	0	0	0	0	0	0	0	0	0	0	0	0	0	0	0	0	0	0	0	0	0	0	0	0	0	0	0	0	0	0	0	0	0	0	0	0	0	0	0	0	0	0	0	0	0	0	0	0	0	0	0	0	0	0	0	0	0	0	0	0	0	0	0	0	0	0	0	0	0	0	0	0	0	0	0	0	0	0	0	0	0	0	0	0	0	0	0	0	0	0	0	0	0	0	0	0	0	0	0	0	0	0	0	0	0	0	0	0	0	0	0	0	0	0	0	0	0	0	0	0	0	0	0	0	0	0	0	0	0	0	0	0	0	0	0	0	0	0	0	0	0	0	0	0	0	0	0	0	0	0	0	0	0	0	0	0	0	0	0	0	0	0	0	0	0	0	0	0	0	0	0	0	0	0	0	0	0	0	0	0	0	0	0	0	0	0	0	0	0	0	0	0	0	0	0	0	0	0	0	0	0	0	0	0	0	0	0	0	0	0	0	0	0	0	0	0	0	0	0	0	0	0	0	0	0	0	0	0	0	0	0	0	0	0	0	0	0	0	0	0	0	0	0	0	0	0	0	0	0	0	0	0	0	0	0	0	0	0	0	0	0	0	0	0	0	0	0	0	0	0	0	0	0	0	0	0	0	0	0	0	0	0	0	0	0	0	0	0	0	0	0	0	0	0	0	0	0	0	0	0	0	0	0	0	0	0	0	0	0	0	0	0	0	0	0	0	0	0	0	0	0	0	0	0	0	0	0	0	0	0	0	0	0	0	0	0	0	0	0	0	0	0	0	0	0	0	0	0	0	0	0	0	0	0	0	0	0	0	0	0	0	0	0	0	0	0	0	0	0	0	0	0	0	0	0	0	0	0	0	0	0	0	0	0	0	0	0	0	0	0	0	0	0	0	0	0	0	0	0	0	0	0	0	0	0	0	0	0	0	0	0	0	0	0	0	0	0	0	0	0	0	0	0	0	0	0	0	0	0	0	0	0	0	0	0	0	0	0	0	0	0	0	0	0	0	0	0	0	0	0	0	0	0	0	0	0	0	0	0	0	0	0	0	0	0	0	0	0	0	0	0	0	0	0	0	0	0	0	0	0	0	0	0	0	0	0	0	0	0	0	0	0	0	0	0	0	0	0	0	0	0	0	0
68	54	975	704	708	1393	849	112	668	692	425	427	613	449	926	238	2150	792	515	546	948	1178	292	949	456	1186	773	168	491	909	321	237	597	105	547	375	131	499	300	388	543	755	126	127	527	432	106	1006	306	373	506	319	1004	467	501	1062	517	393	1033	360	161	660	924	844	566	518	637	278	557	205	967	543	708	364	766	300	155	729	198	737	467	773	997	487	132	325	100	102	156	997	998	541	457	188	358	180	335	138	348	596	487	137	131	496	174	94	202	430	400	391	100	111	269	409	296	763	335	482	333	464	352	246	412	282	103	526	356	167	664	759	324	506	349	354	719	425	833	198	298	299	430	266	109	444	546	535	391	335	1096	648	302	617	206	643	226	348	137	524	338	423	781	567	239	137	183	396	570	236	555	195	108	298	501	337	514	619	145	142	195	239	401	250	157	198	569	170	106	148	253	142	690	621	625	450	386	203	379	961	277	680	193	476	168	297	1072	372	370	260	109	188	136	439	482	160	248	337	567	509	196	223	526	433	438	322	165	374	187	313	217	440	700	359	217	548	336	193	130	154	482	393	177	451	238	188	185	324	243	232	386	126	222	460	761	525	501	238	489	582	383	209	351	505	301	429	155	100	110	498	387	191	396	862	458	520	343	188	299	644	543	141	166	134	228	108	119	242	116	107	80	70	72	147	276	212	191	272	341	339	470	283	237	602	226	298	133	132	204	443	180	172	297	208	136	259	213	208	287	294	175	427	315	176	276	134	110	256	279	343	201	180	300	203	166	136	142	90	199	416	414	190	137	167	161	143	176	272	181	139	161	121	135	143	264	263	311	127	57	92	222	141	181	132	236	105	147	191	203	150	113	144	79	86	88	221	80	62	75	92	121	89	90	100	100	109	153	96	86	135	112	104	167	112	89	126	147	76	51	59	64	100	86	103	69	64	55	79	56	35	49	47	38	37	16	20	16	21	32	19	27	40	33	48	32	27	30	25	44	43	36	19	12	21	31	25	16	18	7	9	11	16	17	21	30	37	12	4	6	1	8	10	13	5	4	5	1	3	3	3	2	3	2	5	3	4	7	6	4	3	4	0	3	2	2	1	1	1	0	1	0	1	2	0	1	1	0	0	0	0	0	1	0	0	0	0	0	0	0	0	0	0	0	0	0	0	0	0	0	0	0	0	0	0	0	0	0	0	0	0	0	0	0	0	0	0	0	0	0	0	0	0	0	0	0	0	0	0	0	0	0	0	0	0	0	0	0	0	0	0	0	0	0	0	0	0	0	0	0	0	0	0	0	0	0	0	0	0	0	0	0	0	0	0	0	0	0	0	0	0	0	0	0	0	0	0	0	0	0	0	0	0	0	0	0	0	0	0	0	0	0	0	0	0	0	0	0	0	0	0	0	0	0	0	0	0	0	0	0	0	0	0	0	0	0	0	0	0	0	0	0	0	0	0	0	0	0	0	0	0	0	0	0	0	0	0	0	0	0	0	0	0	0	0	0	0	0	0	0	0	0	0	0	0	0	0	0	0	0	0	0	0	0	0	0	0	0	0	0	0	0	0	0	0	0	0	0	0	0	0	0	0	0	0	0	0	0	0	0	0	0	0	0	0	0	0	0	0	0	0	0	0	0	0	0	0	0	0	0	0	0	0	0	0	0	0	0	0	0	0	0	0	0	0	0	0	0	0	0	0	0	0	0	0	0	0	0	0	0	0	0	0	0	0	0	0	0	0	0	0	0	0	0	0	0	0	0	0	0	0	0	0	0	0	0	0	0	0	0	0	0	0	0	0	0	0	0	0	0	0	0	0	0	0	0	0	0	0	0	0	0	0	0	0	0	0	0	0	0	0	0	0	0	0	0	0	0	0	0	0	0	0	0	0	0	0	0	0	0	0	0	0	0	0	0	0	0	0	0	0	0	0	0	0	0	0	0	0	0	0	0	0	0	0	0	0	0	0	0	0	0	0	0	0	0	0	0	0	0	0	0	0	0	0	0	0	0	0	0	0	0	0	0	0	0	0	0	0	0	0	0	0	0	0	0	0	0	0	0	0	0	0	0	0	0	0	0	0	0	0	0	0	0	0	0	0	0	0	0	0	0	0	0	0	0	0	0	0	0	0	0	0	0	0	0	0	0	0	0	0	0	0	0	0	0	0	0	0	0	0	0	0	0	0	0	0	0	0	0	0	0	0	0	0	0	0	0	0	0	0	0	0	0	0	0	0	0	0	0	0	0	0	0	0	0	0	0	0	0	0	0	0	0	0	0	0	0	0	0	0	0	0	0
5491	0	0	0	0	0	0	2	421	1323	793	47444	31430	41145	32778	40943	44998	69813	58249	106527	52324	90185	51585	120935	86651	101682	81842	124277	128820	70898	150409	73197	168373	134364	65866	214895	38730	871414	61457	185072	474648	0	0	0	0	0	0	0	0	0	0	0	0	0	0	0	0	0	0	0	0
5491	0	0	0	0	0	0	2	421	1323	793	47444	31430	41145	32778	40943	44998	69813	58249	106527	52324	90185	51585	120935	86651	101682	81842	124277	128820	70898	150409	73197	168373	134364	65866	214895	38730	871414	61457	185072	474648	0	0	0	0	0	0	0	0	0	0	0	0	0	0	0	0	0	0	0	0
5491	0	0	0	0	0	0	1	45	205	141	4546	2557	3162	2358	2428	2550	3159	2961	4914	2180	3358	2053	4163	2864	3627	2748	4122	4011	2284	4762	2359	5246	4250	1954	6987	1140	28174	1891	6179	13759	0	0	0	0	0	0	0	0	0	0	0	0	0	0	0	0	0	0	0	0
5491	0	0	0	0	0	0	1	45	205	141	4546	2557	3162	2358	2428	2550	3159	2961	4914	2180	3358	2053	4163	2864	3627	2748	4122	4011	2284	4762	2359	5246	4250	1954	6987	1140	28174	1891	6179	13759	0	0	0	0	0	0	0	0	0	0	0	0	0	0	0	0	0	0	0	0
0	3743	66	8	4	0	0	0	0	0	0	0	0	0	0	0	0	0	0	0	0
6422	1882723	4155	12	23	0	0	0	0	0	0	0	0	0	0	0	0	0	0	0	0
21	2787	513914	1080	109	0	0	0	0	0	0	0	0	0	0	0	0	0	0	0	0
0	20	1211	121902	588	3	0	0	0	0	0	0	0	0	0	0	0	0	0	0	0
1	0	3	694	32474	478	46	0	1	0	0	0	0	0	0	0	0	0	0	0	0
0	2	0	1	472	7485	604	0	83	0	0	0	0	0	0	0	0	0	0	0	0
0	0	0	0	5	234	6132	0	304	0	0	0	0	0	0	0	0	0	0	0	0
1	0	0	0	0	0	360	0	16	0	0	0	0	0	0	0	0	0	0	0	0
0	0	0	0	0	0	2	0	0	0	0	0	0	0	0	0	0	0	0	0	0
1	0	0	0	0	0	0	0	0	0	0	0	0	0	0	0	0	0	0	0	0
0	0	0	0	0	0	0	0	0	0	0	0	0	0	0	0	0	0	0	0	0
0	0	0	0	0	0	0	0	0	0	0	0	0	0	0	0	0	0	0	0	0
0	0	0	0	0	0	0	0	0	0	0	0	0	0	0	0	0	0	0	0	0
0	0	0	0	0	0	0	0	0	0	0	0	0	0	0	0	0	0	0	0	0
0	0	0	0	0	0	0	0	0	0	0	0	0	0	0	0	0	0	0	0	0
0	0	0	0	0	0	0	0	0	0	0	0	0	0	0	0	0	0	0	0	0
0	0	0	0	0	0	0	0	0	0	0	0	0	0	0	0	0	0	0	0	0
0	0	0	0	0	0	0	0	0	0	0	0	0	0	0	0	0	0	0	0	0
0	0	0	0	0	0	0	0	0	0	0	0	0	0	0	0	0	0	0	0	0
0	0	0	0	0	0	0	0	0	0	0	0	0	0	0	0	0	0	0	0	0
0	0	0	0	0	0	0	0	0	0	0	0	0	0	0	0	0	0	0	0	0
0	3743	66	8	4	0	0	0	0	0	0	0	0	0	0	0	0	0	0	0	0
6422	1882723	4155	12	23	0	0	0	0	0	0	0	0	0	0	0	0	0	0	0	0
21	2787	513914	1080	109	0	0	0	0	0	0	0	0	0	0	0	0	0	0	0	0
0	20	1211	121902	588	3	0	0	0	0	0	0	0	0	0	0	0	0	0	0	0
1	0	3	694	32474	478	46	0	1	0	0	0	0	0	0	0	0	0	0	0	0
0	2	0	1	472	7485	604	0	83	0	0	0	0	0	0	0	0	0	0	0	0
0	0	0	0	5	234	6132	0	304	0	0	0	0	0	0	0	0	0	0	0	0
1	0	0	0	0	0	360	0	16	0	0	0	0	0	0	0	0	0	0	0	0
0	0	0	0	0	0	2	0	0	0	0	0	0	0	0	0	0	0	0	0	0
1	0	0	0	0	0	0	0	0	0	0	0	0	0	0	0	0	0	0	0	0
0	0	0	0	0	0	0	0	0	0	0	0	0	0	0	0	0	0	0	0	0
0	0	0	0	0	0	0	0	0	0	0	0	0	0	0	0	0	0	0	0	0
0	0	0	0	0	0	0	0	0	0	0	0	0	0	0	0	0	0	0	0	0
0	0	0	0	0	0	0	0	0	0	0	0	0	0	0	0	0	0	0	0	0
0	0	0	0	0	0	0	0	0	0	0	0	0	0	0	0	0	0	0	0	0
0	0	0	0	0	0	0	0	0	0	0	0	0	0	0	0	0	0	0	0	0
0	0	0	0	0	0	0	0	0	0	0	0	0	0	0	0	0	0	0	0	0
0	0	0	0	0	0	0	0	0	0	0	0	0	0	0	0	0	0	0	0	0
0	0	0	0	0	0	0	0	0	0	0	0	0	0	0	0	0	0	0	0	0
0	0	0	0	0	0	0	0	0	0	0	0	0	0	0	0	0	0	0	0	0
0	0	0	0	0	0	0	0	0	0	0	0	0	0	0	0	0	0	0	0	0
0	95	29851	9482	3951	1238	857	0	10	0	0	0	0	0	0	0	0	0	0	0	0
0	95	29851	9482	3951	1238	857	0	10	0	0	0	0	0	0	0	0	0	0	0	0
13341	13341
0	0	0	0	0	0	0	0	0	0	0	0	0	0	0	0	0	0	0	0	0	0	0	0	0	0	0	0	0	0	1	1	1	2	4	3	7	11	20	39	84	255	546	953	1499	1853	1983	1629	1239	815	751	436	328	273	263	162	83	83	17	0	0	0	0	0	0	0	0	0	0	0	0	0	0	0	0	0	0	0	0	0	0	0	0	0	0	0	0	0	0	0	0	0	0	0	0	0	0	0	0	0	0
0	0	0	0	0	0	0	0	0	0	0	0	0	0	0	0	0	0	0	0	0	0	0	0	0	0	0	0	0	0	1	1	1	2	4	3	7	11	20	39	84	255	546	953	1499	1853	1983	1629	1239	815	751	436	328	273	263	162	83	83	17	0	0	0	0	0	0	0	0	0	0	0	0	0	0	0	0	0	0	0	0	0	0	0	0	0	0	0	0	0	0	0	0	0	0	0	0	0	0	0	0	0	0
1284939	51586	638631	26444	253819	10331
