ver.	2
40	67774	6
05_11_2012_1_TI-MID10_PR_2357_AH3.sff
8534	2248352	12
8534	2248352	12
0	0	0	0	0	0	0
8534	170218	20025	8976	8390	0	0
210	501	628	783	764	757	575	529	418	312	952	144	1384	12
210	501	628	783	764	757	575	529	418	312	952	144	1384	12
835	1778	1817	1393	827	463	215	140	87	69	189	0	0	0
835	1778	1817	1393	827	463	215	140	87	69	189	0	0	0
0	0	0	0	0	0	0	0	0	0	0	0	0	0	0	0	0	0	0	0	0	0	0	0	0	0	0	0	0	0	0	0	0	0	0	0	0	0	0	0	0	0	0	0	0	0	0	0	0	0	6	11	15	11	7	4	5	5	10	2	9	10	6	10	9	12	18	17	6	9	15	10	21	14	18	15	12	11	9	12	13	15	7	11	3	4	10	6	7	9	12	12	10	10	9	11	10	15	16	9	6	16	13	12	33	23	22	17	8	12	17	13	11	11	16	4	17	12	17	14	8	9	8	6	12	10	16	8	11	20	17	23	20	24	19	9	15	13	14	12	16	11	25	22	23	18	28	10	24	18	13	17	10	13	18	12	17	23	18	13	20	15	15	6	18	10	15	27	19	37	11	9	15	26	18	13	15	11	11	13	17	12	13	18	21	20	15	18	27	25	16	14	18	15	19	15	15	17	22	19	16	25	16	32	20	16	37	20	20	16	37	22	22	20	15	12	17	9	15	27	29	25	15	23	28	20	26	24	15	23	14	24	16	19	26	27	44	32	35	25	21	29	27	12	30	27	41	23	24	29	26	43	51	40	26	32	29	35	24	34	34	40	28	23	28	21	21	16	29	34	24	31	36	32	16	37	31	27	26	20	23	14	12	25	24	22	19	23	16	22	18	26	25	16	23	9	20	25	17	25	38	41	15	41	37	39	24	30	38	31	24	51	57	42	28	13	31	24	18	24	29	24	30	33	36	20	21	11	18	13	27	22	27	30	22	23	21	25	33	23	27	22	22	24	25	29	16	29	23	32	32	23	19	16	25	27	13	21	19	28	18	27	12	18	23	26	26	24	26	24	25	26	41	24	20	19	22	15	17	12	22	12	8	18	15	24	8	9	16	27	27	26	21	19	15	19	13	16	27	17	16	26	34	22	22	18	28	23	23	22	16	11	20	23	22	22	17	20	22	15	39	15	22	16	10	13	9	17	11	21	11	16	13	7	16	12	7	11	7	2	5	5	10	8	4	9	8	4	5	6	4	5	4	8	4	1	2	1	1	2	0	2	4	1	2	1	2	0	1	0	4	2	4	0	2	0	0	1	0	0	1	0	0	2	0	0	1	0	0	0	0	0	0	0	0	0	0	0	0	0	0	0	0	0	0	0	0	0	0	0	0	0	0	0	0	0	0	0	0	0	0	0	0	0	0	0	0	0	0	0	0	0	0	0	0	0	0	0	0	0	0	0	0	0	0	0	0	0	0	0	0	0	0	0	0	0	0	0	0	0	0	0	0	0	0	0	0	0	0	0	0	0	0	0	0	0	0	0	0	0	0	0	0	0	0	0	0	0	0	0	0	0	0	0	0	0	0	0	0	0	0	0	0	0	0	0	0	0	0	0	0	0	0	0	0	0	0	0	0	0	0	0	0	0	0	0	0	0	0	0	0	0	0	0	0	0	0	0	0	0	0	0	0	0	0	0	0	0	0	0	0	0	0	0	0	0	0	0	0	0	0	0	0	0	0	0	0	0	0	0	0	0	0	0	0	0	0	0	0	0	0	0	0	0	0	0	0	0	0	0	0	0	0	0	0	0	0	0	0	0	0	0	0	0	0	0	0	0	0	0	0	0	0	0	0	0	0	0	0	0	0	0	0	0	0	0	0	0	0	0	0	0	0	0	0	0	0	0	0	0	0	0	0	0	0	0	0	0	0	0	0	0	0	0	0	0	0	0	0	0	0	0	0	0	0	0	0	0	0	0	0	0	0	0	0	0	0	0	0	0	0	0	0	0	0	0	0	0	0	0	0	0	0	0	0	0	0	0	0	0	0	0	0	0	0	0	0	0	0	0	0	0	0	0	0	0	0	0	0	0	0	0	0	0	0	0	0	0	0	0	0	0	0	0	0	0	0	0	0	0	0	0	0	0	0	0	0	0	0	0	0	0	0	0	0	0	0	0	0	0	0	0	0	0	0	0	0	0	0	0	0	0	0	0	0	0	0	0	0	0	0	0	0	0	0	0	0	0	0	0	0	0	0	0	0	0	0	0	0	0	0	0	0	0	0	0	0	0	0	0	0	0	0	0	0	0	0	0	0	0	0	0	0	0	0	0	0	0	0	0	0	0	0	0	0	0	0	0	0	0	0	0	0	0	0	0	0	0	0	0	0	0	0	0	0	0	0	0	0	0	0	0	0	0	0	0	0	0	0	0	0	0	0	0	0	0	0	0	0	0	0	0	0	0	0	0	0	0	0	0	0	0	0	0	0	0	0	0	0	0	0
0	0	0	0	0	0	0	0	0	0	0	0	0	0	0	0	0	0	0	0	0	0	0	0	0	0	0	0	0	0	0	0	0	0	0	0	0	0	0	0	0	0	0	0	0	0	0	0	0	0	6	11	15	11	7	4	5	5	10	2	9	10	6	10	9	12	18	17	6	9	15	10	21	14	18	15	12	11	9	12	13	15	7	11	3	4	10	6	7	9	12	12	10	10	9	11	10	15	16	9	6	16	13	12	33	23	22	17	8	12	17	13	11	11	16	4	17	12	17	14	8	9	8	6	12	10	16	8	11	20	17	23	20	24	19	9	15	13	14	12	16	11	25	22	23	18	28	10	24	18	13	17	10	13	18	12	17	23	18	13	20	15	15	6	18	10	15	27	19	37	11	9	15	26	18	13	15	11	11	13	17	12	13	18	21	20	15	18	27	25	16	14	18	15	19	15	15	17	22	19	16	25	16	32	20	16	37	20	20	16	37	22	22	20	15	12	17	9	15	27	29	25	15	23	28	20	26	24	15	23	14	24	16	19	26	27	44	32	35	25	21	29	27	12	30	27	41	23	24	29	26	43	51	40	26	32	29	35	24	34	34	40	28	23	28	21	21	16	29	34	24	31	36	32	16	37	31	27	26	20	23	14	12	25	24	22	19	23	16	22	18	26	25	16	23	9	20	25	17	25	38	41	15	41	37	39	24	30	38	31	24	51	57	42	28	13	31	24	18	24	29	24	30	33	36	20	21	11	18	13	27	22	27	30	22	23	21	25	33	23	27	22	22	24	25	29	16	29	23	32	32	23	19	16	25	27	13	21	19	28	18	27	12	18	23	26	26	24	26	24	25	26	41	24	20	19	22	15	17	12	22	12	8	18	15	24	8	9	16	27	27	26	21	19	15	19	13	16	27	17	16	26	34	22	22	18	28	23	23	22	16	11	20	23	22	22	17	20	22	15	39	15	22	16	10	13	9	17	11	21	11	16	13	7	16	12	7	11	7	2	5	5	10	8	4	9	8	4	5	6	4	5	4	8	4	1	2	1	1	2	0	2	4	1	2	1	2	0	1	0	4	2	4	0	2	0	0	1	0	0	1	0	0	2	0	0	1	0	0	0	0	0	0	0	0	0	0	0	0	0	0	0	0	0	0	0	0	0	0	0	0	0	0	0	0	0	0	0	0	0	0	0	0	0	0	0	0	0	0	0	0	0	0	0	0	0	0	0	0	0	0	0	0	0	0	0	0	0	0	0	0	0	0	0	0	0	0	0	0	0	0	0	0	0	0	0	0	0	0	0	0	0	0	0	0	0	0	0	0	0	0	0	0	0	0	0	0	0	0	0	0	0	0	0	0	0	0	0	0	0	0	0	0	0	0	0	0	0	0	0	0	0	0	0	0	0	0	0	0	0	0	0	0	0	0	0	0	0	0	0	0	0	0	0	0	0	0	0	0	0	0	0	0	0	0	0	0	0	0	0	0	0	0	0	0	0	0	0	0	0	0	0	0	0	0	0	0	0	0	0	0	0	0	0	0	0	0	0	0	0	0	0	0	0	0	0	0	0	0	0	0	0	0	0	0	0	0	0	0	0	0	0	0	0	0	0	0	0	0	0	0	0	0	0	0	0	0	0	0	0	0	0	0	0	0	0	0	0	0	0	0	0	0	0	0	0	0	0	0	0	0	0	0	0	0	0	0	0	0	0	0	0	0	0	0	0	0	0	0	0	0	0	0	0	0	0	0	0	0	0	0	0	0	0	0	0	0	0	0	0	0	0	0	0	0	0	0	0	0	0	0	0	0	0	0	0	0	0	0	0	0	0	0	0	0	0	0	0	0	0	0	0	0	0	0	0	0	0	0	0	0	0	0	0	0	0	0	0	0	0	0	0	0	0	0	0	0	0	0	0	0	0	0	0	0	0	0	0	0	0	0	0	0	0	0	0	0	0	0	0	0	0	0	0	0	0	0	0	0	0	0	0	0	0	0	0	0	0	0	0	0	0	0	0	0	0	0	0	0	0	0	0	0	0	0	0	0	0	0	0	0	0	0	0	0	0	0	0	0	0	0	0	0	0	0	0	0	0	0	0	0	0	0	0	0	0	0	0	0	0	0	0	0	0	0	0	0	0	0	0	0	0	0	0	0	0	0	0	0	0	0	0	0	0	0	0	0	0	0	0	0	0	0	0	0	0	0	0	0	0	0	0	0	0	0	0	0	0	0	0	0	0	0	0	0	0	0	0	0	0	0	0	0	0	0	0	0	0	0	0	0
0	0	0	0	0	0	0	0	0	0	0	0	0	0	0	0	0	0	0	0	0	0	0	0	0	0	0	0	0	0	0	0	0	0	0	0	0	8	0	0	1	0	1	3	7	1	0	3	5	3	6	14	19	15	8	5	7	9	11	4	12	10	8	13	11	14	21	17	7	11	15	9	22	21	17	13	14	12	10	10	16	14	17	16	3	4	8	7	7	14	14	15	19	14	9	13	16	20	15	8	7	15	17	13	33	21	15	18	12	9	20	19	10	11	16	3	20	13	15	15	8	10	10	10	15	11	12	8	8	21	17	22	19	23	20	9	12	11	14	13	16	9	17	25	24	16	28	12	21	12	10	17	16	16	23	13	19	21	14	17	22	14	14	6	16	12	13	16	14	37	9	12	17	26	16	19	17	11	11	9	16	11	12	17	20	22	15	23	33	33	24	20	19	14	18	14	12	19	19	15	10	22	13	27	18	13	38	13	21	14	29	16	23	20	17	14	18	8	15	26	26	27	18	22	28	26	22	27	20	24	23	25	18	20	27	36	49	35	37	24	24	24	21	15	26	28	42	21	21	26	19	26	40	37	26	29	29	31	25	25	29	27	26	24	29	20	24	16	27	31	25	29	37	32	18	42	30	25	24	21	19	13	18	28	24	27	22	25	17	25	19	25	27	18	26	8	21	23	18	23	33	38	19	40	33	40	30	36	37	35	33	39	58	41	24	16	29	24	13	22	18	15	27	29	22	20	19	9	19	16	30	23	32	38	26	23	24	27	47	36	33	28	23	28	27	32	27	30	20	28	23	25	19	18	29	24	10	18	17	18	14	18	7	16	23	21	22	24	22	23	25	23	42	21	23	18	21	22	31	30	25	18	11	20	15	22	7	11	14	29	29	24	24	18	12	18	13	14	31	22	21	26	30	20	20	14	26	22	21	13	8	8	21	19	11	15	17	22	21	16	34	14	17	13	11	14	11	8	10	23	11	12	10	6	8	5	10	10	7	3	5	3	7	3	4	8	5	4	5	6	3	3	4	8	4	1	2	1	1	2	0	2	4	2	1	1	0	0	1	0	4	3	4	0	3	0	0	0	0	0	0	0	0	1	0	0	0	0	0	0	0	0	0	0	0	0	0	0	0	0	0	0	0	0	0	0	0	0	0	0	0	0	0	0	0	0	0	0	0	0	0	0	0	0	0	0	0	0	0	0	0	0	0	0	0	0	0	0	0	0	0	0	0	0	0	0	0	0	0	0	0	0	0	0	0	0	0	0	0	0	0	0	0	0	0	0	0	0	0	0	0	0	0	0	0	0	0	0	0	0	0	0	0	0	0	0	0	0	0	0	0	0	0	0	0	0	0	0	0	0	0	0	0	0	0	0	0	0	0	0	0	0	0	0	0	0	0	0	0	0	0	0	0	0	0	0	0	0	0	0	0	0	0	0	0	0	0	0	0	0	0	0	0	0	0	0	0	0	0	0	0	0	0	0	0	0	0	0	0	0	0	0	0	0	0	0	0	0	0	0	0	0	0	0	0	0	0	0	0	0	0	0	0	0	0	0	0	0	0	0	0	0	0	0	0	0	0	0	0	0	0	0	0	0	0	0	0	0	0	0	0	0	0	0	0	0	0	0	0	0	0	0	0	0	0	0	0	0	0	0	0	0	0	0	0	0	0	0	0	0	0	0	0	0	0	0	0	0	0	0	0	0	0	0	0	0	0	0	0	0	0	0	0	0	0	0	0	0	0	0	0	0	0	0	0	0	0	0	0	0	0	0	0	0	0	0	0	0	0	0	0	0	0	0	0	0	0	0	0	0	0	0	0	0	0	0	0	0	0	0	0	0	0	0	0	0	0	0	0	0	0	0	0	0	0	0	0	0	0	0	0	0	0	0	0	0	0	0	0	0	0	0	0	0	0	0	0	0	0	0	0	0	0	0	0	0	0	0	0	0	0	0	0	0	0	0	0	0	0	0	0	0	0	0	0	0	0	0	0	0	0	0	0	0	0	0	0	0	0	0	0	0	0	0	0	0	0	0	0	0	0	0	0	0	0	0	0	0	0	0	0	0	0	0	0	0	0	0	0	0	0	0	0	0	0	0	0	0	0	0	0	0	0	0	0	0	0	0	0	0	0	0	0	0	0	0	0	0	0	0	0	0	0	0	0	0	0	0	0	0	0	0	0	0	0	0	0	0	0	0	0	0	0	0	0	0	0	0	0	0	0	0	0	0	0	0	0	0	0	0	0	0	0	0	0	0	0	0	0	0	0
0	0	0	0	0	0	0	0	0	0	0	0	0	0	0	0	0	0	0	0	0	0	0	0	0	0	0	0	0	0	0	0	0	0	0	0	0	8	0	0	1	0	1	3	7	1	0	3	5	3	6	14	19	15	8	5	7	9	11	4	12	10	8	13	11	14	21	17	7	11	15	9	22	21	17	13	14	12	10	10	16	14	17	16	3	4	8	7	7	14	14	15	19	14	9	13	16	20	15	8	7	15	17	13	33	21	15	18	12	9	20	19	10	11	16	3	20	13	15	15	8	10	10	10	15	11	12	8	8	21	17	22	19	23	20	9	12	11	14	13	16	9	17	25	24	16	28	12	21	12	10	17	16	16	23	13	19	21	14	17	22	14	14	6	16	12	13	16	14	37	9	12	17	26	16	19	17	11	11	9	16	11	12	17	20	22	15	23	33	33	24	20	19	14	18	14	12	19	19	15	10	22	13	27	18	13	38	13	21	14	29	16	23	20	17	14	18	8	15	26	26	27	18	22	28	26	22	27	20	24	23	25	18	20	27	36	49	35	37	24	24	24	21	15	26	28	42	21	21	26	19	26	40	37	26	29	29	31	25	25	29	27	26	24	29	20	24	16	27	31	25	29	37	32	18	42	30	25	24	21	19	13	18	28	24	27	22	25	17	25	19	25	27	18	26	8	21	23	18	23	33	38	19	40	33	40	30	36	37	35	33	39	58	41	24	16	29	24	13	22	18	15	27	29	22	20	19	9	19	16	30	23	32	38	26	23	24	27	47	36	33	28	23	28	27	32	27	30	20	28	23	25	19	18	29	24	10	18	17	18	14	18	7	16	23	21	22	24	22	23	25	23	42	21	23	18	21	22	31	30	25	18	11	20	15	22	7	11	14	29	29	24	24	18	12	18	13	14	31	22	21	26	30	20	20	14	26	22	21	13	8	8	21	19	11	15	17	22	21	16	34	14	17	13	11	14	11	8	10	23	11	12	10	6	8	5	10	10	7	3	5	3	7	3	4	8	5	4	5	6	3	3	4	8	4	1	2	1	1	2	0	2	4	2	1	1	0	0	1	0	4	3	4	0	3	0	0	0	0	0	0	0	0	1	0	0	0	0	0	0	0	0	0	0	0	0	0	0	0	0	0	0	0	0	0	0	0	0	0	0	0	0	0	0	0	0	0	0	0	0	0	0	0	0	0	0	0	0	0	0	0	0	0	0	0	0	0	0	0	0	0	0	0	0	0	0	0	0	0	0	0	0	0	0	0	0	0	0	0	0	0	0	0	0	0	0	0	0	0	0	0	0	0	0	0	0	0	0	0	0	0	0	0	0	0	0	0	0	0	0	0	0	0	0	0	0	0	0	0	0	0	0	0	0	0	0	0	0	0	0	0	0	0	0	0	0	0	0	0	0	0	0	0	0	0	0	0	0	0	0	0	0	0	0	0	0	0	0	0	0	0	0	0	0	0	0	0	0	0	0	0	0	0	0	0	0	0	0	0	0	0	0	0	0	0	0	0	0	0	0	0	0	0	0	0	0	0	0	0	0	0	0	0	0	0	0	0	0	0	0	0	0	0	0	0	0	0	0	0	0	0	0	0	0	0	0	0	0	0	0	0	0	0	0	0	0	0	0	0	0	0	0	0	0	0	0	0	0	0	0	0	0	0	0	0	0	0	0	0	0	0	0	0	0	0	0	0	0	0	0	0	0	0	0	0	0	0	0	0	0	0	0	0	0	0	0	0	0	0	0	0	0	0	0	0	0	0	0	0	0	0	0	0	0	0	0	0	0	0	0	0	0	0	0	0	0	0	0	0	0	0	0	0	0	0	0	0	0	0	0	0	0	0	0	0	0	0	0	0	0	0	0	0	0	0	0	0	0	0	0	0	0	0	0	0	0	0	0	0	0	0	0	0	0	0	0	0	0	0	0	0	0	0	0	0	0	0	0	0	0	0	0	0	0	0	0	0	0	0	0	0	0	0	0	0	0	0	0	0	0	0	0	0	0	0	0	0	0	0	0	0	0	0	0	0	0	0	0	0	0	0	0	0	0	0	0	0	0	0	0	0	0	0	0	0	0	0	0	0	0	0	0	0	0	0	0	0	0	0	0	0	0	0	0	0	0	0	0	0	0	0	0	0	0	0	0	0	0	0	0	0	0	0	0	0	0	0	0	0	0	0	0	0	0	0	0	0	0	0	0	0	0	0	0	0	0	0	0	0	0	0	0	0	0	0	0	0	0	0	0	0	0	0	0	0	0	0	0	0	0	0
243	598	776	940	963	931	715	643	512	386	287	241	134	77	53	50	22	16	17	14	16	17	6	13	19	27	16	12	4	6	9	5	1	5	12	8	7	1	1	0	3	2	2	1	0	0	0	1	0	0	0	0	0	1	0	0	0	0	0	0	0	0	0	0	0	0	0	0	0	0	0	0	0	0	0	0	0	0	0	0	0	0	0	0	0	0	0	0	0	0	0	0	0	0	0	0	0	0	0	0	0	0	0	0	0	0	0	0	0	0	0	0	0	0	0	0	0	0	0	0	0	0	0	0	0	0	0	0	0	0	0	0	0	0	0	0	0	0	0	0	0	0	0	0	0	0	0	0	0	0	0	0	0	0	0	0	0	0	0	0	0	0	0	0	0	0	0	0	0	0	0	0	0	0	0	0	0	0	0	0	0	0	0	0	0	0	0	0	0	0	0	0	0	0	0	0	0	0	0	0	0	0	0	0	0	0	0	0	0	0	0	0	0	0	0	0	0	0	0	0	0	0	0	0	0	0	0	0	0	0	0	0	0	0	0	0	0	0	0	0	0	0	0	0	0	0	0	0	0	0	0	0	0	0	0	0	0	0	0	0	0	0	0	0	0	0	0	0	0	0	0	0	0	0	0	0	0	0	0	0	0	0	0	0	0	0	0	0	0	0	0	0	0	0	0	0	0	0	0	0	0	0	0	0	0	0	0	0	0	0	0	0	0	0	0	0	0	0	0	0	0	0	0	0	0	0	0	0	0	0	0	0	0	0	0	0	0	0	0	0	0	0	0	0	0	0	0	0	0	0	0	0	0	0	0	0	0	0	0	0	0	0	0	0	0	0	0	0	0	0	0	0	0	0	0	0	0	0	0	0	0	0	0	0	0	0	0	0	0	0	0	0	0	0	0	0	0	0	0	0	0	0	0	0	0	0	0	0	0	0	0	0	0	0	0	0	0	0	0	0	0	0	0	0	0	0	0	0	0	0	0	0	0	0	0	0	0	0	0	0	0	0	0	0	0	0	0	0	0	0	0	0	0	0	0	0	0	0	0	0	0	0	0	0	0	0	0	0	0	0	0	0	0	0	0	0	0	0	0	0	0	0	0	0	0	0	0	0	0	0	0	0	0	0	0	0	0	0	0	0	0	0	0	0	0	0	0	0	0	0	0	0	0	0	0	0	0	0	0	0	0	0	0	0	0	0	0	0	0	0	0	0	0	0	0	0	0	0	0	0	0	0	0	0	0	0	0	0	0	0	0	0	0	0	0	0	0	0	0	0	0	0	0	0	0	0	0	0	0	0	0	0	0	0	0	0	0	0	0	0	0	0	0	0	0	0	0	0	0	0	0	0	0	0	0	0	0	0	0	0	0	0	0	0	0	0	0	0	0	0	0	0	0	0	0	0	0	0	0	0	0	0	0	0	0	0	0	0	0	0	0	0	0	0	0	0	0	0	0	0	0	0	0	0	0	0	0	0	0	0	0	0	0	0	0	0	0	0	0	0	0	0	0	0	0	0	0	0	0	0	0	0	0	0	0	0	0	0	0	0	0	0	0	0	0	0	0	0	0	0	0	0	0	0	0	0	0	0	0	0	0	0	0	0	0	0	0	0	0	0	0	0	0	0	0	0	0	0	0	0	0	0	0	0	0	0	0	0	0	0	0	0	0	0	0	0	0	0	0	0	0	0	0	0	0	0	0	0	0	0	0	0	0	0	0	0	0	0	0	0	0	0	0	0	0	0	0	0	0	0	0	0	0	0	0	0	0	0	0	0	0	0	0	0	0	0	0	0	0	0	0	0	0	0	0	0	0	0	0	0	0	0	0	0	0	0	0	0	0	0	0	0	0	0	0	0	0	0	0	0	0	0	0	0	0	0	0	0	0	0	0	0	0	0	0	0	0	0	0	0	0	0	0	0	0	0	0	0	0	0	0	0	0	0	0	0	0	0	0	0	0	0	0	0	0	0	0	0	0	0	0	0	0	0	0	0	0	0	0	0	0	0	0	0	0	0	0	0	0	0	0	0	0	0	0	0	0	0	0	0	0	0	0	0	0	0	0	0	0	0	0	0	0	0	0	0	0	0	0	0	0	0	0	0	0	0	0	0	0	0	0	0	0	0	0	0	0	0	0	0	0	0	0	0	0	0	0	0	0	0	0	0	0	0	0	0	0	0	0	0	0	0	0	0	0	0	0	0	0	0	0	0	0	0	0	0	0	0	0	0	0	0	0	0	0	0	0	0	0	0	0	0	0	0	0	0	0	0	0	0	0
243	598	776	940	963	931	715	643	512	386	287	241	134	77	53	50	22	16	17	14	16	17	6	13	19	27	16	12	4	6	9	5	1	5	12	8	7	1	1	0	3	2	2	1	0	0	0	1	0	0	0	0	0	1	0	0	0	0	0	0	0	0	0	0	0	0	0	0	0	0	0	0	0	0	0	0	0	0	0	0	0	0	0	0	0	0	0	0	0	0	0	0	0	0	0	0	0	0	0	0	0	0	0	0	0	0	0	0	0	0	0	0	0	0	0	0	0	0	0	0	0	0	0	0	0	0	0	0	0	0	0	0	0	0	0	0	0	0	0	0	0	0	0	0	0	0	0	0	0	0	0	0	0	0	0	0	0	0	0	0	0	0	0	0	0	0	0	0	0	0	0	0	0	0	0	0	0	0	0	0	0	0	0	0	0	0	0	0	0	0	0	0	0	0	0	0	0	0	0	0	0	0	0	0	0	0	0	0	0	0	0	0	0	0	0	0	0	0	0	0	0	0	0	0	0	0	0	0	0	0	0	0	0	0	0	0	0	0	0	0	0	0	0	0	0	0	0	0	0	0	0	0	0	0	0	0	0	0	0	0	0	0	0	0	0	0	0	0	0	0	0	0	0	0	0	0	0	0	0	0	0	0	0	0	0	0	0	0	0	0	0	0	0	0	0	0	0	0	0	0	0	0	0	0	0	0	0	0	0	0	0	0	0	0	0	0	0	0	0	0	0	0	0	0	0	0	0	0	0	0	0	0	0	0	0	0	0	0	0	0	0	0	0	0	0	0	0	0	0	0	0	0	0	0	0	0	0	0	0	0	0	0	0	0	0	0	0	0	0	0	0	0	0	0	0	0	0	0	0	0	0	0	0	0	0	0	0	0	0	0	0	0	0	0	0	0	0	0	0	0	0	0	0	0	0	0	0	0	0	0	0	0	0	0	0	0	0	0	0	0	0	0	0	0	0	0	0	0	0	0	0	0	0	0	0	0	0	0	0	0	0	0	0	0	0	0	0	0	0	0	0	0	0	0	0	0	0	0	0	0	0	0	0	0	0	0	0	0	0	0	0	0	0	0	0	0	0	0	0	0	0	0	0	0	0	0	0	0	0	0	0	0	0	0	0	0	0	0	0	0	0	0	0	0	0	0	0	0	0	0	0	0	0	0	0	0	0	0	0	0	0	0	0	0	0	0	0	0	0	0	0	0	0	0	0	0	0	0	0	0	0	0	0	0	0	0	0	0	0	0	0	0	0	0	0	0	0	0	0	0	0	0	0	0	0	0	0	0	0	0	0	0	0	0	0	0	0	0	0	0	0	0	0	0	0	0	0	0	0	0	0	0	0	0	0	0	0	0	0	0	0	0	0	0	0	0	0	0	0	0	0	0	0	0	0	0	0	0	0	0	0	0	0	0	0	0	0	0	0	0	0	0	0	0	0	0	0	0	0	0	0	0	0	0	0	0	0	0	0	0	0	0	0	0	0	0	0	0	0	0	0	0	0	0	0	0	0	0	0	0	0	0	0	0	0	0	0	0	0	0	0	0	0	0	0	0	0	0	0	0	0	0	0	0	0	0	0	0	0	0	0	0	0	0	0	0	0	0	0	0	0	0	0	0	0	0	0	0	0	0	0	0	0	0	0	0	0	0	0	0	0	0	0	0	0	0	0	0	0	0	0	0	0	0	0	0	0	0	0	0	0	0	0	0	0	0	0	0	0	0	0	0	0	0	0	0	0	0	0	0	0	0	0	0	0	0	0	0	0	0	0	0	0	0	0	0	0	0	0	0	0	0	0	0	0	0	0	0	0	0	0	0	0	0	0	0	0	0	0	0	0	0	0	0	0	0	0	0	0	0	0	0	0	0	0	0	0	0	0	0	0	0	0	0	0	0	0	0	0	0	0	0	0	0	0	0	0	0	0	0	0	0	0	0	0	0	0	0	0	0	0	0	0	0	0	0	0	0	0	0	0	0	0	0	0	0	0	0	0	0	0	0	0	0	0	0	0	0	0	0	0	0	0	0	0	0	0	0	0	0	0	0	0	0	0	0	0	0	0	0	0	0	0	0	0	0	0	0	0	0	0	0	0	0	0	0	0	0	0	0	0	0	0	0	0	0	0	0	0	0	0	0	0	0	0	0	0	0	0	0	0	0	0	0	0	0	0	0	0	0	0	0	0	0	0	0	0	0	0	0	0	0	0	0	0	0	0	0	0	0	0	0	0	0	0	0	0	0	0	0	0	0	0	0	0	0	0	0	0	0	0
6775	6801	6802	6810	6822	6822	6825	6825	6867	6875	6913	6919	6954	6970	7375	7567	7685	7731	7740	7745	7747	7763	7769	7770	7771	7771	7772	7772	7773	7776	7779	7791	7794	7797	7800	7800	7800	7795	7799	7799	7799	7799	7798	7799	7798	7797	7797	7794	7793	7790	7785	7771	7753	7739	7732	7728	7723	7715	7704	7702	7693	7683	7677	7668	7658	7646	7628	7611	7605	7597	7582	7571	7550	7534	7516	7500	7487	7474	7464	7452	7435	7422	7414	7403	7398	7388	7376	7369	7360	7347	7333	7317	7299	7286	7275	7262	7247	7222	7208	7199	7194	7177	7159	7144	7110	7088	7075	7057	7048	7036	7018	6999	6987	6974	6949	6946	6928	6916	6902	6889	6881	6872	6863	6857	6843	6833	6818	6808	6799	6777	6763	6741	6723	6696	6676	6668	6653	6641	6627	6616	6601	6593	6578	6560	6536	6519	6492	6481	6462	6452	6440	6421	6404	6387	6365	6349	6329	6305	6287	6268	6243	6228	6214	6208	6192	6182	6169	6151	6136	6105	6097	6089	6074	6047	6037	6026	6010	6001	5988	5976	5960	5946	5932	5915	5895	5876	5860	5839	5807	5773	5752	5734	5716	5701	5681	5667	5657	5641	5621	5604	5591	5566	5549	5518	5495	5484	5449	5435	5418	5404	5375	5363	5343	5325	5311	5299	5282	5272	5257	5230	5200	5174	5157	5135	5108	5088	5063	5039	5019	4994	4978	4956	4940	4922	4896	4870	4826	4794	4759	4734	4713	4683	4656	4646	4617	4590	4551	4529	4507	4480	4459	4419	4365	4325	4301	4269	4243	4209	4187	4153	4121	4084	4057	4035	4006	3985	3964	3948	3919	3889	3864	3833	3797	3765	3750	3714	3686	3660	3636	3616	3593	3579	3565	3541	3518	3496	3478	3455	3439	3419	3400	3374	3349	3332	3309	3300	3280	3255	3239	3213	3174	3133	3118	3079	3042	3003	2979	2949	2912	2880	2856	2811	2753	2712	2684	2671	2640	2616	2598	2574	2550	2526	2494	2463	2429	2409	2388	2378	2360	2346	2317	2292	2263	2228	2205	2182	2160	2134	2099	2065	2032	2008	1985	1961	1935	1906	1890	1861	1839	1807	1774	1751	1732	1716	1691	1665	1652	1631	1612	1584	1566	1539	1527	1509	1486	1460	1434	1410	1384	1358	1333	1310	1269	1248	1229	1211	1190	1170	1140	1110	1085	1071	1063	1046	1032	1008	1001	991	977	952	925	899	878	860	847	828	815	799	773	757	743	717	683	661	639	623	595	575	554	539	528	517	497	474	452	430	412	392	370	356	318	306	286	272	263	252	245	236	226	203	194	180	169	164	154	150	144	134	127	125	120	116	106	98	94	85	77	73	68	62	57	52	48	40	36	35	33	33	32	30	30	28	24	23	21	20	18	18	17	17	13	11	7	7	5	5	5	4	4	4	3	3	3	1	1	1	0	0	0	0	0	0	0	0	0	0	0	0	0	0	0	0	0	0	0	0	0	0	0	0	0	0	0	0	0	0	0	0	0	0	0	0	0	0	0	0	0	0	0	0	0	0	0	0	0	0	0	0	0	0	0	0	0	0	0	0	0	0	0	0	0	0	0	0	0	0	0	0	0	0	0	0	0	0	0	0	0	0	0	0	0	0	0	0	0	0	0	0	0	0	0	0	0	0	0	0	0	0	0	0	0	0	0	0	0	0	0	0	0	0	0	0	0	0	0	0	0	0	0	0	0	0	0	0	0	0	0	0	0	0	0	0	0	0	0	0	0	0	0	0	0	0	0	0	0	0	0	0	0	0	0	0	0	0	0	0	0	0	0	0	0	0	0	0	0	0	0	0	0	0	0	0	0	0	0	0	0	0	0	0	0	0	0	0	0	0	0	0	0	0	0	0	0	0	0	0	0	0	0	0	0	0	0	0	0	0	0	0	0	0	0	0	0	0	0	0	0	0	0	0	0	0	0	0	0	0	0	0	0	0	0	0	0	0	0	0	0	0	0	0	0	0	0	0	0	0	0	0	0	0	0	0	0	0	0	0	0	0	0	0	0	0	0	0	0	0	0	0	0	0	0	0	0	0	0	0	0	0	0	0	0	0	0	0	0	0	0	0	0	0	0	0	0	0	0	0	0	0	0	0	0	0	0	0	0	0	0	0	0	0	0	0	0	0	0	0	0	0	0	0	0	0	0	0	0	0	0	0	0	0	0	0	0	0	0	0	0	0	0	0	0	0	0	0	0	0	0	0	0	0	0	0	0	0	0	0	0	0	0	0	0	0	0	0	0	0	0	0	0	0	0	0	0	0	0	0	0	0	0	0	0	0	0	0	0	0	0	0	0	0	0	0	0	0	0	0	0	0	0	0	0	0	0	0	0	0	0	0	0	0	0	0	0	0	0	0	0	0	0	0	0	0	0	0	0	0	0	0	0	0	0	0	0	0	0	0	0	0	0	0	0	0	0	0	0	0	0	0	0	0	0	0	0	0	0	0	0	0	0	0	0	0	0	0	0	0	0	0	0	0	0	0	0	0	0	0	0	0	0	0	0	0	0	0	0	0	0	0	0	0	0	0	0	0	0	0	0	0	0	0	0	0	0	0	0	0	0	0	0	0	0
6775	6801	6802	6810	6822	6822	6825	6825	6867	6875	6913	6919	6954	6970	7375	7567	7685	7731	7740	7745	7747	7763	7769	7770	7771	7771	7772	7772	7773	7776	7779	7791	7794	7797	7800	7800	7800	7795	7799	7799	7799	7799	7798	7799	7798	7797	7797	7794	7793	7790	7785	7771	7753	7739	7732	7728	7723	7715	7704	7702	7693	7683	7677	7668	7658	7646	7628	7611	7605	7597	7582	7571	7550	7534	7516	7500	7487	7474	7464	7452	7435	7422	7414	7403	7398	7388	7376	7369	7360	7347	7333	7317	7299	7286	7275	7262	7247	7222	7208	7199	7194	7177	7159	7144	7110	7088	7075	7057	7048	7036	7018	6999	6987	6974	6949	6946	6928	6916	6902	6889	6881	6872	6863	6857	6843	6833	6818	6808	6799	6777	6763	6741	6723	6696	6676	6668	6653	6641	6627	6616	6601	6593	6578	6560	6536	6519	6492	6481	6462	6452	6440	6421	6404	6387	6365	6349	6329	6305	6287	6268	6243	6228	6214	6208	6192	6182	6169	6151	6136	6105	6097	6089	6074	6047	6037	6026	6010	6001	5988	5976	5960	5946	5932	5915	5895	5876	5860	5839	5807	5773	5752	5734	5716	5701	5681	5667	5657	5641	5621	5604	5591	5566	5549	5518	5495	5484	5449	5435	5418	5404	5375	5363	5343	5325	5311	5299	5282	5272	5257	5230	5200	5174	5157	5135	5108	5088	5063	5039	5019	4994	4978	4956	4940	4922	4896	4870	4826	4794	4759	4734	4713	4683	4656	4646	4617	4590	4551	4529	4507	4480	4459	4419	4365	4325	4301	4269	4243	4209	4187	4153	4121	4084	4057	4035	4006	3985	3964	3948	3919	3889	3864	3833	3797	3765	3750	3714	3686	3660	3636	3616	3593	3579	3565	3541	3518	3496	3478	3455	3439	3419	3400	3374	3349	3332	3309	3300	3280	3255	3239	3213	3174	3133	3118	3079	3042	3003	2979	2949	2912	2880	2856	2811	2753	2712	2684	2671	2640	2616	2598	2574	2550	2526	2494	2463	2429	2409	2388	2378	2360	2346	2317	2292	2263	2228	2205	2182	2160	2134	2099	2065	2032	2008	1985	1961	1935	1906	1890	1861	1839	1807	1774	1751	1732	1716	1691	1665	1652	1631	1612	1584	1566	1539	1527	1509	1486	1460	1434	1410	1384	1358	1333	1310	1269	1248	1229	1211	1190	1170	1140	1110	1085	1071	1063	1046	1032	1008	1001	991	977	952	925	899	878	860	847	828	815	799	773	757	743	717	683	661	639	623	595	575	554	539	528	517	497	474	452	430	412	392	370	356	318	306	286	272	263	252	245	236	226	203	194	180	169	164	154	150	144	134	127	125	120	116	106	98	94	85	77	73	68	62	57	52	48	40	36	35	33	33	32	30	30	28	24	23	21	20	18	18	17	17	13	11	7	7	5	5	5	4	4	4	3	3	3	1	1	1	0	0	0	0	0	0	0	0	0	0	0	0	0	0	0	0	0	0	0	0	0	0	0	0	0	0	0	0	0	0	0	0	0	0	0	0	0	0	0	0	0	0	0	0	0	0	0	0	0	0	0	0	0	0	0	0	0	0	0	0	0	0	0	0	0	0	0	0	0	0	0	0	0	0	0	0	0	0	0	0	0	0	0	0	0	0	0	0	0	0	0	0	0	0	0	0	0	0	0	0	0	0	0	0	0	0	0	0	0	0	0	0	0	0	0	0	0	0	0	0	0	0	0	0	0	0	0	0	0	0	0	0	0	0	0	0	0	0	0	0	0	0	0	0	0	0	0	0	0	0	0	0	0	0	0	0	0	0	0	0	0	0	0	0	0	0	0	0	0	0	0	0	0	0	0	0	0	0	0	0	0	0	0	0	0	0	0	0	0	0	0	0	0	0	0	0	0	0	0	0	0	0	0	0	0	0	0	0	0	0	0	0	0	0	0	0	0	0	0	0	0	0	0	0	0	0	0	0	0	0	0	0	0	0	0	0	0	0	0	0	0	0	0	0	0	0	0	0	0	0	0	0	0	0	0	0	0	0	0	0	0	0	0	0	0	0	0	0	0	0	0	0	0	0	0	0	0	0	0	0	0	0	0	0	0	0	0	0	0	0	0	0	0	0	0	0	0	0	0	0	0	0	0	0	0	0	0	0	0	0	0	0	0	0	0	0	0	0	0	0	0	0	0	0	0	0	0	0	0	0	0	0	0	0	0	0	0	0	0	0	0	0	0	0	0	0	0	0	0	0	0	0	0	0	0	0	0	0	0	0	0	0	0	0	0	0	0	0	0	0	0	0	0	0	0	0	0	0	0	0	0	0	0	0	0	0	0	0	0	0	0	0	0	0	0	0	0	0	0	0	0	0	0	0	0	0	0	0	0	0	0	0	0	0	0	0	0	0	0	0	0	0	0	0	0	0	0	0	0	0	0	0	0	0	0	0	0	0	0	0	0	0	0	0	0	0	0	0	0	0	0	0	0	0	0	0	0	0	0	0	0	0	0	0	0	0	0	0	0	0	0	0	0	0	0	0	0	0	0	0	0	0	0	0	0	0	0	0	0	0	0	0	0	0	0	0	0	0	0	0	0	0	0	0	0	0	0	0	0	0	0	0	0	0	0
226	98	334	78	103	48	129	164	95	79	193	68	119	270	80	148	239	299	226	104	113	203	221	280	140	299	115	119	273	369	177	96	53	174	80	343	87	104	246	132	71	64	138	245	77	216	151	277	88	221	67	175	180	67	52	218	257	260	66	134	113	54	359	88	223	190	153	444	253	93	60	71	41	51	146	124	301	68	60	59	127	140	294	241	216	126	310	149	97	80	124	47	58	105	95	63	150	76	283	279	112	172	189	118	132	55	95	64	105	90	309	159	94	281	214	177	97	84	105	57	93	104	209	43	125	110	61	141	193	198	187	210	266	118	284	57	94	84	129	291	143	85	117	232	161	134	152	71	86	138	126	204	205	97	68	103	116	76	62	81	79	152	70	94	98	155	160	144	107	154	146	133	255	269	165	103	135	73	128	128	62	75	58	99	165	71	103	54	87	112	153	282	168	67	121	128	92	272	158	210	170	70	104	141	140	100	72	128	122	157	117	217	132	171	85	103	214	235	136	154	96	163	91	166	154	140	117	105	133	86	182	71	57	137	100	46	79	72	60	61	81	81	98	76	68	93	89	101	298	122	142	69	111	71	114	64	82	196	140	120	229	57	61	43	61	48	173	79	115	104	91	101	33	39	43	39	105	149	39	71	58	102	71	71	76	63	73	139	85	61	105	89	210	131	70	78	70	81	74	90	71	92	137	103	92	135	49	77	149	146	123	115	83	98	60	92	136	76	50	51	70	102	105	52	102	57	62	59	53	66	49	31	74	142	128	71	56	85	60	76	45	30	23	37	36	65	137	35	57	81	117	61	33	26	43	80	29	40	44	39	21	25	21	36	44	36	68	85	28	41	33	40	30	45	54	39	27	19	20	25	34	50	22	15	16	15	14	17	32	16	25	10	16	15	14	20	33	52	59	21	17	17	16	8	11	5	16	7	19	9	19	24	32	20	25	20	7	11	5	13	8	9	9	9	6	5	8	6	3	4	1	5	8	6	10	15	3	8	4	2	5	1	0	2	1	2	0	1	5	1	2	1	1	4	1	0	2	1	0	3	4	6	0	1	0	0	0	0	0	0	1	1	0	1	0	0	0	0	0	0	0	0	0	0	0	0	0	0	0	0	0	0	0	0	0	0	0	0	0	0	0	0	0	0	0	0	0	0	0	0	0	0	0	0	0	0	0	0	0	0	0	0	0	0	0	0	0	0	0	0	0	0	0	0	0	0	0	0	0	0	0	0	0	0	0	0	0	0	0	0	0	0	0	0	0	0	0	0	0	0	0	0	0	0	0	0	0	0	0	0	0	0	0	0	0	0	0	0	0	0	0	0	0	0	0	0	0	0	0	0	0	0	0	0	0	0	0	0	0	0	0	0	0	0	0	0	0	0	0	0	0	0	0	0	0	0	0	0	0	0	0	0	0	0	0	0	0	0	0	0	0	0	0	0	0	0	0	0	0	0	0	0	0	0	0	0	0	0	0	0	0	0	0	0	0	0	0	0	0	0	0	0	0	0	0	0	0	0	0	0	0	0	0	0	0	0	0	0	0	0	0	0	0	0	0	0	0	0	0	0	0	0	0	0	0	0	0	0	0	0	0	0	0	0	0	0	0	0	0	0	0	0	0	0	0	0	0	0	0	0	0	0	0	0	0	0	0	0	0	0	0	0	0	0	0	0	0	0	0	0	0	0	0	0	0	0	0	0	0	0	0	0	0	0	0	0	0	0	0	0	0	0	0	0	0	0	0	0	0	0	0	0	0	0	0	0	0	0	0	0	0	0	0	0	0	0	0	0	0	0	0	0	0	0	0	0	0	0	0	0	0	0	0	0	0	0	0	0	0	0	0	0	0	0	0	0	0	0	0	0	0	0	0	0	0	0	0	0	0	0	0	0	0	0	0	0	0	0	0	0	0	0	0	0	0	0	0	0	0	0	0	0	0	0	0	0	0	0	0	0	0	0	0	0	0	0	0	0	0	0	0	0	0	0	0	0	0	0	0	0	0	0	0	0	0	0	0	0	0	0	0	0	0	0	0	0	0	0	0	0	0	0	0	0	0	0	0	0	0	0	0	0	0	0	0	0	0	0	0	0	0	0	0	0	0	0	0	0	0	0	0	0	0	0	0	0	0	0	0	0	0	0	0	0	0	0	0	0	0	0	0	0	0	0	0	0	0	0	0	0	0	0	0	0	0	0	0	0	0	0	0	0	0	0	0	0	0	0	0	0	0	0	0	0	0	0	0	0	0	0	0	0	0	0	0	0	0	0	0	0	0
226	98	334	78	103	48	129	164	95	79	193	68	119	270	80	148	239	299	226	104	113	203	221	280	140	299	115	119	273	369	177	96	53	174	80	343	87	104	246	132	71	64	138	245	77	216	151	277	88	221	67	175	180	67	52	218	257	260	66	134	113	54	359	88	223	190	153	444	253	93	60	71	41	51	146	124	301	68	60	59	127	140	294	241	216	126	310	149	97	80	124	47	58	105	95	63	150	76	283	279	112	172	189	118	132	55	95	64	105	90	309	159	94	281	214	177	97	84	105	57	93	104	209	43	125	110	61	141	193	198	187	210	266	118	284	57	94	84	129	291	143	85	117	232	161	134	152	71	86	138	126	204	205	97	68	103	116	76	62	81	79	152	70	94	98	155	160	144	107	154	146	133	255	269	165	103	135	73	128	128	62	75	58	99	165	71	103	54	87	112	153	282	168	67	121	128	92	272	158	210	170	70	104	141	140	100	72	128	122	157	117	217	132	171	85	103	214	235	136	154	96	163	91	166	154	140	117	105	133	86	182	71	57	137	100	46	79	72	60	61	81	81	98	76	68	93	89	101	298	122	142	69	111	71	114	64	82	196	140	120	229	57	61	43	61	48	173	79	115	104	91	101	33	39	43	39	105	149	39	71	58	102	71	71	76	63	73	139	85	61	105	89	210	131	70	78	70	81	74	90	71	92	137	103	92	135	49	77	149	146	123	115	83	98	60	92	136	76	50	51	70	102	105	52	102	57	62	59	53	66	49	31	74	142	128	71	56	85	60	76	45	30	23	37	36	65	137	35	57	81	117	61	33	26	43	80	29	40	44	39	21	25	21	36	44	36	68	85	28	41	33	40	30	45	54	39	27	19	20	25	34	50	22	15	16	15	14	17	32	16	25	10	16	15	14	20	33	52	59	21	17	17	16	8	11	5	16	7	19	9	19	24	32	20	25	20	7	11	5	13	8	9	9	9	6	5	8	6	3	4	1	5	8	6	10	15	3	8	4	2	5	1	0	2	1	2	0	1	5	1	2	1	1	4	1	0	2	1	0	3	4	6	0	1	0	0	0	0	0	0	1	1	0	1	0	0	0	0	0	0	0	0	0	0	0	0	0	0	0	0	0	0	0	0	0	0	0	0	0	0	0	0	0	0	0	0	0	0	0	0	0	0	0	0	0	0	0	0	0	0	0	0	0	0	0	0	0	0	0	0	0	0	0	0	0	0	0	0	0	0	0	0	0	0	0	0	0	0	0	0	0	0	0	0	0	0	0	0	0	0	0	0	0	0	0	0	0	0	0	0	0	0	0	0	0	0	0	0	0	0	0	0	0	0	0	0	0	0	0	0	0	0	0	0	0	0	0	0	0	0	0	0	0	0	0	0	0	0	0	0	0	0	0	0	0	0	0	0	0	0	0	0	0	0	0	0	0	0	0	0	0	0	0	0	0	0	0	0	0	0	0	0	0	0	0	0	0	0	0	0	0	0	0	0	0	0	0	0	0	0	0	0	0	0	0	0	0	0	0	0	0	0	0	0	0	0	0	0	0	0	0	0	0	0	0	0	0	0	0	0	0	0	0	0	0	0	0	0	0	0	0	0	0	0	0	0	0	0	0	0	0	0	0	0	0	0	0	0	0	0	0	0	0	0	0	0	0	0	0	0	0	0	0	0	0	0	0	0	0	0	0	0	0	0	0	0	0	0	0	0	0	0	0	0	0	0	0	0	0	0	0	0	0	0	0	0	0	0	0	0	0	0	0	0	0	0	0	0	0	0	0	0	0	0	0	0	0	0	0	0	0	0	0	0	0	0	0	0	0	0	0	0	0	0	0	0	0	0	0	0	0	0	0	0	0	0	0	0	0	0	0	0	0	0	0	0	0	0	0	0	0	0	0	0	0	0	0	0	0	0	0	0	0	0	0	0	0	0	0	0	0	0	0	0	0	0	0	0	0	0	0	0	0	0	0	0	0	0	0	0	0	0	0	0	0	0	0	0	0	0	0	0	0	0	0	0	0	0	0	0	0	0	0	0	0	0	0	0	0	0	0	0	0	0	0	0	0	0	0	0	0	0	0	0	0	0	0	0	0	0	0	0	0	0	0	0	0	0	0	0	0	0	0	0	0	0	0	0	0	0	0	0	0	0	0	0	0	0	0	0	0	0	0	0	0	0	0	0	0	0	0	0	0	0	0	0	0	0	0	0	0	0	0	0	0	0	0	0	0	0	0	0	0	0	0	0	0	0	0	0	0	0	0	0	0	0	0	0	0	0	0
827	0	0	0	0	0	0	3	49	366	328	26362	16333	25843	18312	23550	26760	39734	33632	67214	30593	52358	28841	70826	52036	62269	43180	78557	78969	41181	94244	37460	104803	79550	34704	127682	15937	453371	26008	71926	159897	0	0	0	0	0	0	0	0	0	0	0	0	0	0	0	0	0	0	0	0
827	0	0	0	0	0	0	3	49	366	328	26362	16333	25843	18312	23550	26760	39734	33632	67214	30593	52358	28841	70826	52036	62269	43180	78557	78969	41181	94244	37460	104803	79550	34704	127682	15937	453371	26008	71926	159897	0	0	0	0	0	0	0	0	0	0	0	0	0	0	0	0	0	0	0	0
827	0	0	0	0	0	0	0	2	49	29	2246	1269	1719	1136	1263	1046	1353	1203	2225	857	1354	668	1682	1058	1352	972	1439	1630	678	1722	660	1729	1288	556	2016	262	7191	322	1200	2385	0	0	0	0	0	0	0	0	0	0	0	0	0	0	0	0	0	0	0	0
827	0	0	0	0	0	0	0	2	49	29	2246	1269	1719	1136	1263	1046	1353	1203	2225	857	1354	668	1682	1058	1352	972	1439	1630	678	1722	660	1729	1288	556	2016	262	7191	322	1200	2385	0	0	0	0	0	0	0	0	0	0	0	0	0	0	0	0	0	0	0	0
0	1210	20	2	4	0	0	0	0	0	0	0	0	0	0	0	0	0	0	0	0
2752	870546	1510	5	1	0	0	0	0	0	0	0	0	0	0	0	0	0	0	0	0
4	1301	244842	931	4	0	0	0	0	0	0	0	0	0	0	0	0	0	0	0	0
0	4	811	59825	436	0	0	0	0	0	0	0	0	0	0	0	0	0	0	0	0
0	0	4	447	17539	261	0	0	0	0	0	0	0	0	0	0	0	0	0	0	0
0	0	0	0	362	4363	114	4	0	0	0	0	0	0	0	0	0	0	0	0	0
1	0	0	0	1	183	754	93	0	0	0	0	0	0	0	0	0	0	0	0	0
0	0	0	0	0	9	66	421	0	0	0	0	0	0	0	0	0	0	0	0	0
0	0	0	0	0	0	0	24	0	0	0	0	0	0	0	0	0	0	0	0	0
0	0	0	0	0	0	0	0	0	0	0	0	0	0	0	0	0	0	0	0	0
0	0	0	0	0	0	0	0	0	0	0	0	0	0	0	0	0	0	0	0	0
0	0	0	0	0	0	0	0	0	0	0	0	0	0	0	0	0	0	0	0	0
0	0	0	0	0	0	0	0	0	0	0	0	0	0	0	0	0	0	0	0	0
0	0	0	0	0	0	0	0	0	0	0	0	0	0	0	0	0	0	0	0	0
0	0	0	0	0	0	0	0	0	0	0	0	0	0	0	0	0	0	0	0	0
0	0	0	0	0	0	0	0	0	0	0	0	0	0	0	0	0	0	0	0	0
0	0	0	0	0	0	0	0	0	0	0	0	0	0	0	0	0	0	0	0	0
0	0	0	0	0	0	0	0	0	0	0	0	0	0	0	0	0	0	0	0	0
0	0	0	0	0	0	0	0	0	0	0	0	0	0	0	0	0	0	0	0	0
0	0	0	0	0	0	0	0	0	0	0	0	0	0	0	0	0	0	0	0	0
0	0	0	0	0	0	0	0	0	0	0	0	0	0	0	0	0	0	0	0	0
0	1210	20	2	4	0	0	0	0	0	0	0	0	0	0	0	0	0	0	0	0
2752	870546	1510	5	1	0	0	0	0	0	0	0	0	0	0	0	0	0	0	0	0
4	1301	244842	931	4	0	0	0	0	0	0	0	0	0	0	0	0	0	0	0	0
0	4	811	59825	436	0	0	0	0	0	0	0	0	0	0	0	0	0	0	0	0
0	0	4	447	17539	261	0	0	0	0	0	0	0	0	0	0	0	0	0	0	0
0	0	0	0	362	4363	114	4	0	0	0	0	0	0	0	0	0	0	0	0	0
1	0	0	0	1	183	754	93	0	0	0	0	0	0	0	0	0	0	0	0	0
0	0	0	0	0	9	66	421	0	0	0	0	0	0	0	0	0	0	0	0	0
0	0	0	0	0	0	0	24	0	0	0	0	0	0	0	0	0	0	0	0	0
0	0	0	0	0	0	0	0	0	0	0	0	0	0	0	0	0	0	0	0	0
0	0	0	0	0	0	0	0	0	0	0	0	0	0	0	0	0	0	0	0	0
0	0	0	0	0	0	0	0	0	0	0	0	0	0	0	0	0	0	0	0	0
0	0	0	0	0	0	0	0	0	0	0	0	0	0	0	0	0	0	0	0	0
0	0	0	0	0	0	0	0	0	0	0	0	0	0	0	0	0	0	0	0	0
0	0	0	0	0	0	0	0	0	0	0	0	0	0	0	0	0	0	0	0	0
0	0	0	0	0	0	0	0	0	0	0	0	0	0	0	0	0	0	0	0	0
0	0	0	0	0	0	0	0	0	0	0	0	0	0	0	0	0	0	0	0	0
0	0	0	0	0	0	0	0	0	0	0	0	0	0	0	0	0	0	0	0	0
0	0	0	0	0	0	0	0	0	0	0	0	0	0	0	0	0	0	0	0	0
0	0	0	0	0	0	0	0	0	0	0	0	0	0	0	0	0	0	0	0	0
0	0	0	0	0	0	0	0	0	0	0	0	0	0	0	0	0	0	0	0	0
0	0	7331	3245	1730	263	16	6	0	0	0	0	0	0	0	0	0	0	0	0	0
0	0	7331	3245	1730	263	16	6	0	0	0	0	0	0	0	0	0	0	0	0	0
7813	7813
0	0	0	0	0	0	0	0	0	0	0	0	0	0	0	0	0	0	0	0	0	0	0	0	0	0	0	1	0	2	0	2	4	10	13	19	28	104	194	259	568	776	740	923	1207	968	668	460	364	233	100	53	43	22	21	23	4	0	1	1	0	0	1	1	0	0	0	0	0	0	0	0	0	0	0	0	0	0	0	0	0	0	0	0	0	0	0	0	0	0	0	0	0	0	0	0	0	0	0	0	0
0	0	0	0	0	0	0	0	0	0	0	0	0	0	0	0	0	0	0	0	0	0	0	0	0	0	0	1	0	2	0	2	4	10	13	19	28	104	194	259	568	776	740	923	1207	968	668	460	364	233	100	53	43	22	21	23	4	0	1	1	0	0	1	1	0	0	0	0	0	0	0	0	0	0	0	0	0	0	0	0	0	0	0	0	0	0	0	0	0	0	0	0	0	0	0	0	0	0	0	0	0
745201	21313	371396	11218	147693	4495
